tensor([[[200, 185, 179, 178, 201, 185, 180, 178, 198, 185, 182, 178, 199, 185,
          181, 178, 191, 184, 208, 209, 210, 211, 178, 190, 184, 212, 213, 178,
          189, 184, 206, 207, 178,   0,   0,   0,   0,   0,   0,   0,   0,   0,
            0,   0,   0,   0,   0,   0,   0,   0,   0,   0,   0,   0,   0,   0,
            0,   0,   0,   0,   0,   0,   0,   0,   0,   0,   0,   0,   0,   0,
            0,   0,   0,   0,   0,   0,   0,   0,   0,   0]]])
tensor([[[200, 185, 179, 178, 201, 185, 180, 178, 198, 185, 182, 178, 199, 185,
          181, 178, 191, 184, 208, 209, 210, 211, 178, 190, 184, 212, 213, 178,
          189, 184, 206, 207, 178,   0,   0,   0,   0,   0,   0,   0,   0,   0,
            0,   0,   0,   0,   0,   0,   0,   0,   0,   0,   0,   0,   0,   0,
            0,   0,   0,   0,   0,   0,   0,   0,   0,   0,   0,   0,   0,   0,
            0,   0,   0,   0,   0,   0,   0,   0,   0,   0]]])
tensor([[[200, 185, 179, 178, 201, 185, 180, 178, 198, 185, 182, 178, 199, 185,
          181, 178, 191, 184, 208, 209, 210, 211, 178, 190, 184, 212, 213, 178,
          189, 184, 206, 207, 178,   0,   0,   0,   0,   0,   0,   0,   0,   0,
            0,   0,   0,   0,   0,   0,   0,   0,   0,   0,   0,   0,   0,   0,
            0,   0,   0,   0,   0,   0,   0,   0,   0,   0,   0,   0,   0,   0,
            0,   0,   0,   0,   0,   0,   0,   0,   0,   0]]])
tensor([[[200, 185, 179, 178, 201, 185, 180, 178, 198, 185, 182, 178, 199, 185,
          181, 178, 191, 184, 208, 209, 210, 211, 178, 190, 184, 212, 213, 178,
          189, 184, 206, 207, 178,   0,   0,   0,   0,   0,   0,   0,   0,   0,
            0,   0,   0,   0,   0,   0,   0,   0,   0,   0,   0,   0,   0,   0,
            0,   0,   0,   0,   0,   0,   0,   0,   0,   0,   0,   0,   0,   0,
            0,   0,   0,   0,   0,   0,   0,   0,   0,   0]]])
tensor([[[200, 185, 179, 178, 201, 185, 180, 178, 198, 185, 182, 178, 199, 185,
          181, 178, 191, 184, 208, 209, 210, 211, 178, 190, 184, 212, 213, 178,
          189, 184, 206, 207, 178,   0,   0,   0,   0,   0,   0,   0,   0,   0,
            0,   0,   0,   0,   0,   0,   0,   0,   0,   0,   0,   0,   0,   0,
            0,   0,   0,   0,   0,   0,   0,   0,   0,   0,   0,   0,   0,   0,
            0,   0,   0,   0,   0,   0,   0,   0,   0,   0]]])
tensor([[[200, 185, 179, 178, 201, 185, 180, 178, 198, 185, 182, 178, 199, 185,
          181, 178, 191, 184, 208, 209, 210, 211, 178, 190, 184, 212, 213, 178,
          189, 184, 206, 207, 178,   0,   0,   0,   0,   0,   0,   0,   0,   0,
            0,   0,   0,   0,   0,   0,   0,   0,   0,   0,   0,   0,   0,   0,
            0,   0,   0,   0,   0,   0,   0,   0,   0,   0,   0,   0,   0,   0,
            0,   0,   0,   0,   0,   0,   0,   0,   0,   0]]])
tensor([[[200, 185, 179, 178, 201, 185, 180, 178, 198, 185, 182, 178, 199, 185,
          181, 178, 191, 184, 208, 209, 210, 211, 178, 190, 184, 212, 213, 178,
          189, 184, 206, 207, 178,   0,   0,   0,   0,   0,   0,   0,   0,   0,
            0,   0,   0,   0,   0,   0,   0,   0,   0,   0,   0,   0,   0,   0,
            0,   0,   0,   0,   0,   0,   0,   0,   0,   0,   0,   0,   0,   0,
            0,   0,   0,   0,   0,   0,   0,   0,   0,   0]]])
tensor([[[198, 185, 179, 178, 200, 185, 180, 178, 201, 185, 182, 178, 199, 185,
          181, 178, 189, 184, 208, 209, 210, 211, 178, 191, 184, 212, 213, 178,
          190, 184, 206, 207, 178,   0,   0,   0,   0,   0,   0,   0,   0,   0,
            0,   0,   0,   0,   0,   0,   0,   0,   0,   0,   0,   0,   0,   0,
            0,   0,   0,   0,   0,   0,   0,   0,   0,   0,   0,   0,   0,   0,
            0,   0,   0,   0,   0,   0,   0,   0,   0,   0]]])
tensor([[[198, 185, 179, 178, 200, 185, 180, 178, 201, 185, 182, 178, 199, 185,
          181, 178, 189, 184, 208, 209, 210, 211, 178, 191, 184, 212, 213, 178,
          190, 184, 206, 207, 178,   0,   0,   0,   0,   0,   0,   0,   0,   0,
            0,   0,   0,   0,   0,   0,   0,   0,   0,   0,   0,   0,   0,   0,
            0,   0,   0,   0,   0,   0,   0,   0,   0,   0,   0,   0,   0,   0,
            0,   0,   0,   0,   0,   0,   0,   0,   0,   0]]])
tensor([[[198, 185, 179, 178, 200, 185, 180, 178, 201, 185, 182, 178, 199, 185,
          181, 178, 189, 184, 208, 209, 210, 211, 178, 191, 184, 212, 213, 178,
          190, 184, 206, 207, 178,   0,   0,   0,   0,   0,   0,   0,   0,   0,
            0,   0,   0,   0,   0,   0,   0,   0,   0,   0,   0,   0,   0,   0,
            0,   0,   0,   0,   0,   0,   0,   0,   0,   0,   0,   0,   0,   0,
            0,   0,   0,   0,   0,   0,   0,   0,   0,   0]]])
tensor([[[198, 185, 179, 178, 200, 185, 180, 178, 201, 185, 182, 178, 199, 185,
          181, 178, 189, 184, 208, 209, 210, 211, 178, 191, 184, 212, 213, 178,
          190, 184, 206, 207, 178,   0,   0,   0,   0,   0,   0,   0,   0,   0,
            0,   0,   0,   0,   0,   0,   0,   0,   0,   0,   0,   0,   0,   0,
            0,   0,   0,   0,   0,   0,   0,   0,   0,   0,   0,   0,   0,   0,
            0,   0,   0,   0,   0,   0,   0,   0,   0,   0]]])
tensor([[[198, 185, 179, 178, 200, 185, 180, 178, 201, 185, 182, 178, 199, 185,
          181, 178, 189, 184, 208, 209, 210, 211, 178, 191, 184, 212, 213, 178,
          190, 184, 206, 207, 178,   0,   0,   0,   0,   0,   0,   0,   0,   0,
            0,   0,   0,   0,   0,   0,   0,   0,   0,   0,   0,   0,   0,   0,
            0,   0,   0,   0,   0,   0,   0,   0,   0,   0,   0,   0,   0,   0,
            0,   0,   0,   0,   0,   0,   0,   0,   0,   0]]])
tensor([[[198, 185, 179, 178, 200, 185, 180, 178, 201, 185, 182, 178, 199, 185,
          181, 178, 189, 184, 208, 209, 210, 211, 178, 191, 184, 212, 213, 178,
          190, 184, 206, 207, 178,   0,   0,   0,   0,   0,   0,   0,   0,   0,
            0,   0,   0,   0,   0,   0,   0,   0,   0,   0,   0,   0,   0,   0,
            0,   0,   0,   0,   0,   0,   0,   0,   0,   0,   0,   0,   0,   0,
            0,   0,   0,   0,   0,   0,   0,   0,   0,   0]]])
tensor([[[198, 185, 179, 178, 200, 185, 180, 178, 201, 185, 182, 178, 199, 185,
          181, 178, 189, 184, 208, 209, 210, 211, 178, 191, 184, 212, 213, 178,
          190, 184, 206, 207, 178,   0,   0,   0,   0,   0,   0,   0,   0,   0,
            0,   0,   0,   0,   0,   0,   0,   0,   0,   0,   0,   0,   0,   0,
            0,   0,   0,   0,   0,   0,   0,   0,   0,   0,   0,   0,   0,   0,
            0,   0,   0,   0,   0,   0,   0,   0,   0,   0]]])
tensor([[[198, 185, 179, 178, 200, 185, 180, 178, 201, 185, 182, 178, 199, 185,
          181, 178, 189, 184, 208, 209, 210, 211, 178, 191, 184, 212, 213, 178,
          190, 184, 206, 207, 178,   0,   0,   0,   0,   0,   0,   0,   0,   0,
            0,   0,   0,   0,   0,   0,   0,   0,   0,   0,   0,   0,   0,   0,
            0,   0,   0,   0,   0,   0,   0,   0,   0,   0,   0,   0,   0,   0,
            0,   0,   0,   0,   0,   0,   0,   0,   0,   0]]])
tensor([[[198, 185, 179, 178, 200, 185, 180, 178, 201, 185, 182, 178, 199, 185,
          181, 178, 189, 184, 208, 209, 210, 211, 178, 191, 184, 212, 213, 178,
          190, 184, 206, 207, 178,   0,   0,   0,   0,   0,   0,   0,   0,   0,
            0,   0,   0,   0,   0,   0,   0,   0,   0,   0,   0,   0,   0,   0,
            0,   0,   0,   0,   0,   0,   0,   0,   0,   0,   0,   0,   0,   0,
            0,   0,   0,   0,   0,   0,   0,   0,   0,   0]]])
tensor([[[198, 185, 179, 178, 200, 185, 180, 178, 201, 185, 182, 178, 199, 185,
          181, 178, 189, 184, 208, 209, 210, 211, 178, 191, 184, 212, 213, 178,
          190, 184, 206, 207, 178,   0,   0,   0,   0,   0,   0,   0,   0,   0,
            0,   0,   0,   0,   0,   0,   0,   0,   0,   0,   0,   0,   0,   0,
            0,   0,   0,   0,   0,   0,   0,   0,   0,   0,   0,   0,   0,   0,
            0,   0,   0,   0,   0,   0,   0,   0,   0,   0]]])
tensor([[[198, 185, 179, 178, 200, 185, 180, 178, 201, 185, 182, 178, 199, 185,
          181, 178, 189, 184, 208, 209, 210, 211, 178, 191, 184, 212, 213, 178,
          190, 184, 206, 207, 178,   0,   0,   0,   0,   0,   0,   0,   0,   0,
            0,   0,   0,   0,   0,   0,   0,   0,   0,   0,   0,   0,   0,   0,
            0,   0,   0,   0,   0,   0,   0,   0,   0,   0,   0,   0,   0,   0,
            0,   0,   0,   0,   0,   0,   0,   0,   0,   0]]])
tensor([[[199, 185, 179, 178, 201, 185, 180, 178, 198, 185, 182, 178, 200, 185,
          181, 178, 191, 184, 208, 209, 210, 211, 178, 190, 184, 212, 213, 178,
          189, 184, 206, 207, 178,   0,   0,   0,   0,   0,   0,   0,   0,   0,
            0,   0,   0,   0,   0,   0,   0,   0,   0,   0,   0,   0,   0,   0,
            0,   0,   0,   0,   0,   0,   0,   0,   0,   0,   0,   0,   0,   0,
            0,   0,   0,   0,   0,   0,   0,   0,   0,   0]]])
tensor([[[199, 185, 179, 178, 201, 185, 180, 178, 198, 185, 182, 178, 200, 185,
          181, 178, 191, 184, 208, 209, 210, 211, 178, 190, 184, 212, 213, 178,
          189, 184, 206, 207, 178,   0,   0,   0,   0,   0,   0,   0,   0,   0,
            0,   0,   0,   0,   0,   0,   0,   0,   0,   0,   0,   0,   0,   0,
            0,   0,   0,   0,   0,   0,   0,   0,   0,   0,   0,   0,   0,   0,
            0,   0,   0,   0,   0,   0,   0,   0,   0,   0]]])
tensor([[[199, 185, 179, 178, 201, 185, 180, 178, 198, 185, 182, 178, 200, 185,
          181, 178, 191, 184, 208, 209, 210, 211, 178, 190, 184, 212, 213, 178,
          189, 184, 206, 207, 178,   0,   0,   0,   0,   0,   0,   0,   0,   0,
            0,   0,   0,   0,   0,   0,   0,   0,   0,   0,   0,   0,   0,   0,
            0,   0,   0,   0,   0,   0,   0,   0,   0,   0,   0,   0,   0,   0,
            0,   0,   0,   0,   0,   0,   0,   0,   0,   0]]])
tensor([[[198, 185, 179, 178, 199, 185, 180, 178, 201, 185, 182, 178, 200, 185,
          181, 178, 189, 184, 208, 209, 210, 211, 178, 190, 184, 212, 213, 178,
          191, 184, 206, 207, 178,   0,   0,   0,   0,   0,   0,   0,   0,   0,
            0,   0,   0,   0,   0,   0,   0,   0,   0,   0,   0,   0,   0,   0,
            0,   0,   0,   0,   0,   0,   0,   0,   0,   0,   0,   0,   0,   0,
            0,   0,   0,   0,   0,   0,   0,   0,   0,   0]]])
tensor([[[198, 185, 179, 178, 199, 185, 180, 178, 201, 185, 182, 178, 200, 185,
          181, 178, 189, 184, 208, 209, 210, 211, 178, 190, 184, 212, 213, 178,
          191, 184, 206, 207, 178,   0,   0,   0,   0,   0,   0,   0,   0,   0,
            0,   0,   0,   0,   0,   0,   0,   0,   0,   0,   0,   0,   0,   0,
            0,   0,   0,   0,   0,   0,   0,   0,   0,   0,   0,   0,   0,   0,
            0,   0,   0,   0,   0,   0,   0,   0,   0,   0]]])
tensor([[[198, 185, 179, 178, 199, 185, 180, 178, 201, 185, 182, 178, 200, 185,
          181, 178, 189, 184, 208, 209, 210, 211, 178, 190, 184, 212, 213, 178,
          191, 184, 206, 207, 178,   0,   0,   0,   0,   0,   0,   0,   0,   0,
            0,   0,   0,   0,   0,   0,   0,   0,   0,   0,   0,   0,   0,   0,
            0,   0,   0,   0,   0,   0,   0,   0,   0,   0,   0,   0,   0,   0,
            0,   0,   0,   0,   0,   0,   0,   0,   0,   0]]])
tensor([[[198, 185, 179, 178, 199, 185, 180, 178, 201, 185, 182, 178, 200, 185,
          181, 178, 189, 184, 208, 209, 210, 211, 178, 190, 184, 212, 213, 178,
          191, 184, 206, 207, 178,   0,   0,   0,   0,   0,   0,   0,   0,   0,
            0,   0,   0,   0,   0,   0,   0,   0,   0,   0,   0,   0,   0,   0,
            0,   0,   0,   0,   0,   0,   0,   0,   0,   0,   0,   0,   0,   0,
            0,   0,   0,   0,   0,   0,   0,   0,   0,   0]]])
tensor([[[198, 185, 179, 178, 199, 185, 180, 178, 201, 185, 182, 178, 200, 185,
          181, 178, 189, 184, 208, 209, 210, 211, 178, 190, 184, 212, 213, 178,
          191, 184, 206, 207, 178,   0,   0,   0,   0,   0,   0,   0,   0,   0,
            0,   0,   0,   0,   0,   0,   0,   0,   0,   0,   0,   0,   0,   0,
            0,   0,   0,   0,   0,   0,   0,   0,   0,   0,   0,   0,   0,   0,
            0,   0,   0,   0,   0,   0,   0,   0,   0,   0]]])
tensor([[[198, 185, 179, 178, 199, 185, 180, 178, 201, 185, 182, 178, 200, 185,
          181, 178, 189, 184, 208, 209, 210, 211, 178, 190, 184, 212, 213, 178,
          191, 184, 206, 207, 178,   0,   0,   0,   0,   0,   0,   0,   0,   0,
            0,   0,   0,   0,   0,   0,   0,   0,   0,   0,   0,   0,   0,   0,
            0,   0,   0,   0,   0,   0,   0,   0,   0,   0,   0,   0,   0,   0,
            0,   0,   0,   0,   0,   0,   0,   0,   0,   0]]])
tensor([[[198, 185, 179, 178, 199, 185, 180, 178, 201, 185, 182, 178, 200, 185,
          181, 178, 189, 184, 208, 209, 210, 211, 178, 190, 184, 212, 213, 178,
          191, 184, 206, 207, 178,   0,   0,   0,   0,   0,   0,   0,   0,   0,
            0,   0,   0,   0,   0,   0,   0,   0,   0,   0,   0,   0,   0,   0,
            0,   0,   0,   0,   0,   0,   0,   0,   0,   0,   0,   0,   0,   0,
            0,   0,   0,   0,   0,   0,   0,   0,   0,   0]]])
tensor([[[201, 185, 179, 178, 198, 185, 180, 178, 199, 185, 182, 178, 200, 185,
          181, 178, 190, 184, 208, 209, 210, 211, 178, 191, 184, 212, 213, 178,
          189, 184, 206, 207, 178,   0,   0,   0,   0,   0,   0,   0,   0,   0,
            0,   0,   0,   0,   0,   0,   0,   0,   0,   0,   0,   0,   0,   0,
            0,   0,   0,   0,   0,   0,   0,   0,   0,   0,   0,   0,   0,   0,
            0,   0,   0,   0,   0,   0,   0,   0,   0,   0]]])
tensor([[[201, 185, 179, 178, 198, 185, 180, 178, 199, 185, 182, 178, 200, 185,
          181, 178, 190, 184, 208, 209, 210, 211, 178, 191, 184, 212, 213, 178,
          189, 184, 206, 207, 178,   0,   0,   0,   0,   0,   0,   0,   0,   0,
            0,   0,   0,   0,   0,   0,   0,   0,   0,   0,   0,   0,   0,   0,
            0,   0,   0,   0,   0,   0,   0,   0,   0,   0,   0,   0,   0,   0,
            0,   0,   0,   0,   0,   0,   0,   0,   0,   0]]])
tensor([[[201, 185, 179, 178, 198, 185, 180, 178, 199, 185, 182, 178, 200, 185,
          181, 178, 190, 184, 208, 209, 210, 211, 178, 191, 184, 212, 213, 178,
          189, 184, 206, 207, 178,   0,   0,   0,   0,   0,   0,   0,   0,   0,
            0,   0,   0,   0,   0,   0,   0,   0,   0,   0,   0,   0,   0,   0,
            0,   0,   0,   0,   0,   0,   0,   0,   0,   0,   0,   0,   0,   0,
            0,   0,   0,   0,   0,   0,   0,   0,   0,   0]]])
tensor([[[201, 185, 179, 178, 198, 185, 180, 178, 199, 185, 182, 178, 200, 185,
          181, 178, 190, 184, 208, 209, 210, 211, 178, 191, 184, 212, 213, 178,
          189, 184, 206, 207, 178,   0,   0,   0,   0,   0,   0,   0,   0,   0,
            0,   0,   0,   0,   0,   0,   0,   0,   0,   0,   0,   0,   0,   0,
            0,   0,   0,   0,   0,   0,   0,   0,   0,   0,   0,   0,   0,   0,
            0,   0,   0,   0,   0,   0,   0,   0,   0,   0]]])
tensor([[[201, 185, 179, 178, 198, 185, 180, 178, 199, 185, 182, 178, 200, 185,
          181, 178, 190, 184, 208, 209, 210, 211, 178, 191, 184, 212, 213, 178,
          189, 184, 206, 207, 178,   0,   0,   0,   0,   0,   0,   0,   0,   0,
            0,   0,   0,   0,   0,   0,   0,   0,   0,   0,   0,   0,   0,   0,
            0,   0,   0,   0,   0,   0,   0,   0,   0,   0,   0,   0,   0,   0,
            0,   0,   0,   0,   0,   0,   0,   0,   0,   0]]])
tensor([[[201, 185, 179, 178, 198, 185, 180, 178, 199, 185, 182, 178, 200, 185,
          181, 178, 190, 184, 208, 209, 210, 211, 178, 191, 184, 212, 213, 178,
          189, 184, 206, 207, 178,   0,   0,   0,   0,   0,   0,   0,   0,   0,
            0,   0,   0,   0,   0,   0,   0,   0,   0,   0,   0,   0,   0,   0,
            0,   0,   0,   0,   0,   0,   0,   0,   0,   0,   0,   0,   0,   0,
            0,   0,   0,   0,   0,   0,   0,   0,   0,   0]]])
tensor([[[200, 185, 179, 178, 201, 185, 180, 178, 198, 185, 182, 178, 199, 185,
          181, 178, 190, 184, 208, 209, 210, 211, 178, 191, 184, 212, 213, 178,
          189, 184, 206, 207, 178,   0,   0,   0,   0,   0,   0,   0,   0,   0,
            0,   0,   0,   0,   0,   0,   0,   0,   0,   0,   0,   0,   0,   0,
            0,   0,   0,   0,   0,   0,   0,   0,   0,   0,   0,   0,   0,   0,
            0,   0,   0,   0,   0,   0,   0,   0,   0,   0]]])
tensor([[[200, 185, 179, 178, 201, 185, 180, 178, 198, 185, 182, 178, 199, 185,
          181, 178, 190, 184, 208, 209, 210, 211, 178, 191, 184, 212, 213, 178,
          189, 184, 206, 207, 178,   0,   0,   0,   0,   0,   0,   0,   0,   0,
            0,   0,   0,   0,   0,   0,   0,   0,   0,   0,   0,   0,   0,   0,
            0,   0,   0,   0,   0,   0,   0,   0,   0,   0,   0,   0,   0,   0,
            0,   0,   0,   0,   0,   0,   0,   0,   0,   0]]])
tensor([[[200, 185, 179, 178, 201, 185, 180, 178, 198, 185, 182, 178, 199, 185,
          181, 178, 190, 184, 208, 209, 210, 211, 178, 191, 184, 212, 213, 178,
          189, 184, 206, 207, 178,   0,   0,   0,   0,   0,   0,   0,   0,   0,
            0,   0,   0,   0,   0,   0,   0,   0,   0,   0,   0,   0,   0,   0,
            0,   0,   0,   0,   0,   0,   0,   0,   0,   0,   0,   0,   0,   0,
            0,   0,   0,   0,   0,   0,   0,   0,   0,   0]]])
tensor([[[200, 185, 179, 178, 201, 185, 180, 178, 198, 185, 182, 178, 199, 185,
          181, 178, 190, 184, 208, 209, 210, 211, 178, 191, 184, 212, 213, 178,
          189, 184, 206, 207, 178,   0,   0,   0,   0,   0,   0,   0,   0,   0,
            0,   0,   0,   0,   0,   0,   0,   0,   0,   0,   0,   0,   0,   0,
            0,   0,   0,   0,   0,   0,   0,   0,   0,   0,   0,   0,   0,   0,
            0,   0,   0,   0,   0,   0,   0,   0,   0,   0]]])
tensor([[[200, 185, 179, 178, 201, 185, 180, 178, 198, 185, 182, 178, 199, 185,
          181, 178, 190, 184, 208, 209, 210, 211, 178, 191, 184, 212, 213, 178,
          189, 184, 206, 207, 178,   0,   0,   0,   0,   0,   0,   0,   0,   0,
            0,   0,   0,   0,   0,   0,   0,   0,   0,   0,   0,   0,   0,   0,
            0,   0,   0,   0,   0,   0,   0,   0,   0,   0,   0,   0,   0,   0,
            0,   0,   0,   0,   0,   0,   0,   0,   0,   0]]])
tensor([[[200, 185, 179, 178, 201, 185, 180, 178, 198, 185, 182, 178, 199, 185,
          181, 178, 190, 184, 208, 209, 210, 211, 178, 191, 184, 212, 213, 178,
          189, 184, 206, 207, 178,   0,   0,   0,   0,   0,   0,   0,   0,   0,
            0,   0,   0,   0,   0,   0,   0,   0,   0,   0,   0,   0,   0,   0,
            0,   0,   0,   0,   0,   0,   0,   0,   0,   0,   0,   0,   0,   0,
            0,   0,   0,   0,   0,   0,   0,   0,   0,   0]]])
tensor([[[200, 185, 179, 178, 201, 185, 180, 178, 198, 185, 182, 178, 199, 185,
          181, 178, 190, 184, 208, 209, 210, 211, 178, 191, 184, 212, 213, 178,
          189, 184, 206, 207, 178,   0,   0,   0,   0,   0,   0,   0,   0,   0,
            0,   0,   0,   0,   0,   0,   0,   0,   0,   0,   0,   0,   0,   0,
            0,   0,   0,   0,   0,   0,   0,   0,   0,   0,   0,   0,   0,   0,
            0,   0,   0,   0,   0,   0,   0,   0,   0,   0]]])
tensor([[[200, 185, 179, 178, 201, 185, 180, 178, 198, 185, 182, 178, 199, 185,
          181, 178, 190, 184, 208, 209, 210, 211, 178, 191, 184, 212, 213, 178,
          189, 184, 206, 207, 178,   0,   0,   0,   0,   0,   0,   0,   0,   0,
            0,   0,   0,   0,   0,   0,   0,   0,   0,   0,   0,   0,   0,   0,
            0,   0,   0,   0,   0,   0,   0,   0,   0,   0,   0,   0,   0,   0,
            0,   0,   0,   0,   0,   0,   0,   0,   0,   0]]])
tensor([[[199, 185, 179, 178, 200, 185, 180, 178, 201, 185, 182, 178, 198, 185,
          181, 178, 190, 184, 208, 209, 210, 211, 178, 191, 184, 212, 213, 178,
          189, 184, 206, 207, 178,   0,   0,   0,   0,   0,   0,   0,   0,   0,
            0,   0,   0,   0,   0,   0,   0,   0,   0,   0,   0,   0,   0,   0,
            0,   0,   0,   0,   0,   0,   0,   0,   0,   0,   0,   0,   0,   0,
            0,   0,   0,   0,   0,   0,   0,   0,   0,   0]]])
tensor([[[199, 185, 179, 178, 200, 185, 180, 178, 201, 185, 182, 178, 198, 185,
          181, 178, 190, 184, 208, 209, 210, 211, 178, 191, 184, 212, 213, 178,
          189, 184, 206, 207, 178,   0,   0,   0,   0,   0,   0,   0,   0,   0,
            0,   0,   0,   0,   0,   0,   0,   0,   0,   0,   0,   0,   0,   0,
            0,   0,   0,   0,   0,   0,   0,   0,   0,   0,   0,   0,   0,   0,
            0,   0,   0,   0,   0,   0,   0,   0,   0,   0]]])
tensor([[[199, 185, 179, 178, 200, 185, 180, 178, 201, 185, 182, 178, 198, 185,
          181, 178, 190, 184, 208, 209, 210, 211, 178, 191, 184, 212, 213, 178,
          189, 184, 206, 207, 178,   0,   0,   0,   0,   0,   0,   0,   0,   0,
            0,   0,   0,   0,   0,   0,   0,   0,   0,   0,   0,   0,   0,   0,
            0,   0,   0,   0,   0,   0,   0,   0,   0,   0,   0,   0,   0,   0,
            0,   0,   0,   0,   0,   0,   0,   0,   0,   0]]])
tensor([[[199, 185, 179, 178, 200, 185, 180, 178, 201, 185, 182, 178, 198, 185,
          181, 178, 190, 184, 208, 209, 210, 211, 178, 191, 184, 212, 213, 178,
          189, 184, 206, 207, 178,   0,   0,   0,   0,   0,   0,   0,   0,   0,
            0,   0,   0,   0,   0,   0,   0,   0,   0,   0,   0,   0,   0,   0,
            0,   0,   0,   0,   0,   0,   0,   0,   0,   0,   0,   0,   0,   0,
            0,   0,   0,   0,   0,   0,   0,   0,   0,   0]]])
tensor([[[199, 185, 179, 178, 200, 185, 180, 178, 201, 185, 182, 178, 198, 185,
          181, 178, 190, 184, 208, 209, 210, 211, 178, 191, 184, 212, 213, 178,
          189, 184, 206, 207, 178,   0,   0,   0,   0,   0,   0,   0,   0,   0,
            0,   0,   0,   0,   0,   0,   0,   0,   0,   0,   0,   0,   0,   0,
            0,   0,   0,   0,   0,   0,   0,   0,   0,   0,   0,   0,   0,   0,
            0,   0,   0,   0,   0,   0,   0,   0,   0,   0]]])
tensor([[[199, 185, 179, 178, 200, 185, 180, 178, 201, 185, 182, 178, 198, 185,
          181, 178, 190, 184, 208, 209, 210, 211, 178, 191, 184, 212, 213, 178,
          189, 184, 206, 207, 178,   0,   0,   0,   0,   0,   0,   0,   0,   0,
            0,   0,   0,   0,   0,   0,   0,   0,   0,   0,   0,   0,   0,   0,
            0,   0,   0,   0,   0,   0,   0,   0,   0,   0,   0,   0,   0,   0,
            0,   0,   0,   0,   0,   0,   0,   0,   0,   0]]])
tensor([[[199, 185, 179, 178, 200, 185, 180, 178, 201, 185, 182, 178, 198, 185,
          181, 178, 190, 184, 208, 209, 210, 211, 178, 191, 184, 212, 213, 178,
          189, 184, 206, 207, 178,   0,   0,   0,   0,   0,   0,   0,   0,   0,
            0,   0,   0,   0,   0,   0,   0,   0,   0,   0,   0,   0,   0,   0,
            0,   0,   0,   0,   0,   0,   0,   0,   0,   0,   0,   0,   0,   0,
            0,   0,   0,   0,   0,   0,   0,   0,   0,   0]]])
tensor([[[200, 185, 179, 178, 199, 185, 180, 178, 201, 185, 182, 178, 198, 185,
          181, 178, 191, 184, 208, 209, 210, 211, 178, 190, 184, 212, 213, 178,
          189, 184, 206, 207, 178,   0,   0,   0,   0,   0,   0,   0,   0,   0,
            0,   0,   0,   0,   0,   0,   0,   0,   0,   0,   0,   0,   0,   0,
            0,   0,   0,   0,   0,   0,   0,   0,   0,   0,   0,   0,   0,   0,
            0,   0,   0,   0,   0,   0,   0,   0,   0,   0]]])
tensor([[[200, 185, 179, 178, 199, 185, 180, 178, 201, 185, 182, 178, 198, 185,
          181, 178, 191, 184, 208, 209, 210, 211, 178, 190, 184, 212, 213, 178,
          189, 184, 206, 207, 178,   0,   0,   0,   0,   0,   0,   0,   0,   0,
            0,   0,   0,   0,   0,   0,   0,   0,   0,   0,   0,   0,   0,   0,
            0,   0,   0,   0,   0,   0,   0,   0,   0,   0,   0,   0,   0,   0,
            0,   0,   0,   0,   0,   0,   0,   0,   0,   0]]])
tensor([[[200, 185, 179, 178, 199, 185, 180, 178, 201, 185, 182, 178, 198, 185,
          181, 178, 191, 184, 208, 209, 210, 211, 178, 190, 184, 212, 213, 178,
          189, 184, 206, 207, 178,   0,   0,   0,   0,   0,   0,   0,   0,   0,
            0,   0,   0,   0,   0,   0,   0,   0,   0,   0,   0,   0,   0,   0,
            0,   0,   0,   0,   0,   0,   0,   0,   0,   0,   0,   0,   0,   0,
            0,   0,   0,   0,   0,   0,   0,   0,   0,   0]]])
tensor([[[200, 185, 179, 178, 199, 185, 180, 178, 201, 185, 182, 178, 198, 185,
          181, 178, 191, 184, 208, 209, 210, 211, 178, 190, 184, 212, 213, 178,
          189, 184, 206, 207, 178,   0,   0,   0,   0,   0,   0,   0,   0,   0,
            0,   0,   0,   0,   0,   0,   0,   0,   0,   0,   0,   0,   0,   0,
            0,   0,   0,   0,   0,   0,   0,   0,   0,   0,   0,   0,   0,   0,
            0,   0,   0,   0,   0,   0,   0,   0,   0,   0]]])
tensor([[[200, 185, 179, 178, 199, 185, 180, 178, 198, 185, 182, 178, 201, 185,
          181, 178, 189, 184, 208, 209, 210, 211, 178, 191, 184, 212, 213, 178,
          190, 184, 206, 207, 178,   0,   0,   0,   0,   0,   0,   0,   0,   0,
            0,   0,   0,   0,   0,   0,   0,   0,   0,   0,   0,   0,   0,   0,
            0,   0,   0,   0,   0,   0,   0,   0,   0,   0,   0,   0,   0,   0,
            0,   0,   0,   0,   0,   0,   0,   0,   0,   0]]])
tensor([[[200, 185, 179, 178, 199, 185, 180, 178, 198, 185, 182, 178, 201, 185,
          181, 178, 189, 184, 208, 209, 210, 211, 178, 191, 184, 212, 213, 178,
          190, 184, 206, 207, 178,   0,   0,   0,   0,   0,   0,   0,   0,   0,
            0,   0,   0,   0,   0,   0,   0,   0,   0,   0,   0,   0,   0,   0,
            0,   0,   0,   0,   0,   0,   0,   0,   0,   0,   0,   0,   0,   0,
            0,   0,   0,   0,   0,   0,   0,   0,   0,   0]]])
tensor([[[200, 185, 179, 178, 199, 185, 180, 178, 198, 185, 182, 178, 201, 185,
          181, 178, 189, 184, 208, 209, 210, 211, 178, 191, 184, 212, 213, 178,
          190, 184, 206, 207, 178,   0,   0,   0,   0,   0,   0,   0,   0,   0,
            0,   0,   0,   0,   0,   0,   0,   0,   0,   0,   0,   0,   0,   0,
            0,   0,   0,   0,   0,   0,   0,   0,   0,   0,   0,   0,   0,   0,
            0,   0,   0,   0,   0,   0,   0,   0,   0,   0]]])
tensor([[[200, 185, 179, 178, 199, 185, 180, 178, 198, 185, 182, 178, 201, 185,
          181, 178, 189, 184, 208, 209, 210, 211, 178, 191, 184, 212, 213, 178,
          190, 184, 206, 207, 178,   0,   0,   0,   0,   0,   0,   0,   0,   0,
            0,   0,   0,   0,   0,   0,   0,   0,   0,   0,   0,   0,   0,   0,
            0,   0,   0,   0,   0,   0,   0,   0,   0,   0,   0,   0,   0,   0,
            0,   0,   0,   0,   0,   0,   0,   0,   0,   0]]])
tensor([[[200, 185, 179, 178, 199, 185, 180, 178, 198, 185, 182, 178, 201, 185,
          181, 178, 189, 184, 208, 209, 210, 211, 178, 191, 184, 212, 213, 178,
          190, 184, 206, 207, 178,   0,   0,   0,   0,   0,   0,   0,   0,   0,
            0,   0,   0,   0,   0,   0,   0,   0,   0,   0,   0,   0,   0,   0,
            0,   0,   0,   0,   0,   0,   0,   0,   0,   0,   0,   0,   0,   0,
            0,   0,   0,   0,   0,   0,   0,   0,   0,   0]]])
tensor([[[201, 185, 179, 178, 198, 185, 180, 178, 200, 185, 182, 178, 199, 185,
          181, 178, 190, 184, 208, 209, 210, 211, 178, 191, 184, 212, 213, 178,
          189, 184, 206, 207, 178,   0,   0,   0,   0,   0,   0,   0,   0,   0,
            0,   0,   0,   0,   0,   0,   0,   0,   0,   0,   0,   0,   0,   0,
            0,   0,   0,   0,   0,   0,   0,   0,   0,   0,   0,   0,   0,   0,
            0,   0,   0,   0,   0,   0,   0,   0,   0,   0]]])
tensor([[[201, 185, 179, 178, 198, 185, 180, 178, 200, 185, 182, 178, 199, 185,
          181, 178, 190, 184, 208, 209, 210, 211, 178, 191, 184, 212, 213, 178,
          189, 184, 206, 207, 178,   0,   0,   0,   0,   0,   0,   0,   0,   0,
            0,   0,   0,   0,   0,   0,   0,   0,   0,   0,   0,   0,   0,   0,
            0,   0,   0,   0,   0,   0,   0,   0,   0,   0,   0,   0,   0,   0,
            0,   0,   0,   0,   0,   0,   0,   0,   0,   0]]])
tensor([[[201, 185, 179, 178, 198, 185, 180, 178, 200, 185, 182, 178, 199, 185,
          181, 178, 190, 184, 208, 209, 210, 211, 178, 191, 184, 212, 213, 178,
          189, 184, 206, 207, 178,   0,   0,   0,   0,   0,   0,   0,   0,   0,
            0,   0,   0,   0,   0,   0,   0,   0,   0,   0,   0,   0,   0,   0,
            0,   0,   0,   0,   0,   0,   0,   0,   0,   0,   0,   0,   0,   0,
            0,   0,   0,   0,   0,   0,   0,   0,   0,   0]]])
tensor([[[201, 185, 179, 178, 198, 185, 180, 178, 200, 185, 182, 178, 199, 185,
          181, 178, 190, 184, 208, 209, 210, 211, 178, 191, 184, 212, 213, 178,
          189, 184, 206, 207, 178,   0,   0,   0,   0,   0,   0,   0,   0,   0,
            0,   0,   0,   0,   0,   0,   0,   0,   0,   0,   0,   0,   0,   0,
            0,   0,   0,   0,   0,   0,   0,   0,   0,   0,   0,   0,   0,   0,
            0,   0,   0,   0,   0,   0,   0,   0,   0,   0]]])
tensor([[[201, 185, 179, 178, 198, 185, 180, 178, 200, 185, 182, 178, 199, 185,
          181, 178, 190, 184, 208, 209, 210, 211, 178, 191, 184, 212, 213, 178,
          189, 184, 206, 207, 178,   0,   0,   0,   0,   0,   0,   0,   0,   0,
            0,   0,   0,   0,   0,   0,   0,   0,   0,   0,   0,   0,   0,   0,
            0,   0,   0,   0,   0,   0,   0,   0,   0,   0,   0,   0,   0,   0,
            0,   0,   0,   0,   0,   0,   0,   0,   0,   0]]])
