observation_shapes: {'name': (6, 6, 1, 8), 'name_len': (6, 6, 1), 'inv': (10,), 'inv_len': (1,), 'wiki': (80,), 'wiki_len': (1,), 'task': (40,), 'task_len': (1,), 'valid': (5,), 'rel_pos': (6, 6, 2)}

env output 
{'reward': tensor([[-0.0200]]), 'done': tensor([[False]]), 'episode_return': tensor([[-0.0600]]), 'episode_step': tensor([[3]], dtype=torch.int32), 'name': tensor([[[[[[  3,   0,   0,   0,   0,   0,   0,   0]],

           [[  3,   0,   0,   0,   0,   0,   0,   0]],

           [[  3,   0,   0,   0,   0,   0,   0,   0]],

           [[  3,   0,   0,   0,   0,   0,   0,   0]],

           [[  3,   0,   0,   0,   0,   0,   0,   0]],

           [[  3,   0,   0,   0,   0,   0,   0,   0]]],


          [[[  3,   0,   0,   0,   0,   0,   0,   0]],

           [[170,   0,   0,   0,   0,   0,   0,   0]],

           [[182,   0,   0,   0,   0,   0,   0,   0]],

           [[170,   0,   0,   0,   0,   0,   0,   0]],

           [[170,   0,   0,   0,   0,   0,   0,   0]],

           [[  3,   0,   0,   0,   0,   0,   0,   0]]],


          [[[  3,   0,   0,   0,   0,   0,   0,   0]],

           [[162,   0,   0,   0,   0,   0,   0,   0]],

           [[170,   0,   0,   0,   0,   0,   0,   0]],

           [[185, 165,   0,   0,   0,   0,   0,   0]],

           [[170,   0,   0,   0,   0,   0,   0,   0]],

           [[  3,   0,   0,   0,   0,   0,   0,   0]]],


          [[[  3,   0,   0,   0,   0,   0,   0,   0]],

           [[170,   0,   0,   0,   0,   0,   0,   0]],

           [[185,   0,   0,   0,   0,   0,   0,   0]],

           [[170,   0,   0,   0,   0,   0,   0,   0]],

           [[170,   0,   0,   0,   0,   0,   0,   0]],

           [[  3,   0,   0,   0,   0,   0,   0,   0]]],


          [[[  3,   0,   0,   0,   0,   0,   0,   0]],

           [[170,   0,   0,   0,   0,   0,   0,   0]],

           [[170,   0,   0,   0,   0,   0,   0,   0]],

           [[184,   0,   0,   0,   0,   0,   0,   0]],

           [[170,   0,   0,   0,   0,   0,   0,   0]],

           [[  3,   0,   0,   0,   0,   0,   0,   0]]],


          [[[  3,   0,   0,   0,   0,   0,   0,   0]],

           [[  3,   0,   0,   0,   0,   0,   0,   0]],

           [[  3,   0,   0,   0,   0,   0,   0,   0]],

           [[  3,   0,   0,   0,   0,   0,   0,   0]],

           [[  3,   0,   0,   0,   0,   0,   0,   0]],

           [[  3,   0,   0,   0,   0,   0,   0,   0]]]]]]), 'name_len': tensor([[[[[2],
           [2],
           [2],
           [2],
           [2],
           [2]],

          [[2],
           [2],
           [2],
           [2],
           [2],
           [2]],

          [[2],
           [2],
           [2],
           [3],
           [2],
           [2]],

          [[2],
           [2],
           [2],
           [2],
           [2],
           [2]],

          [[2],
           [2],
           [2],
           [2],
           [2],
           [2]],

          [[2],
           [2],
           [2],
           [2],
           [2],
           [2]]]]]), 'inv': tensor([[[79,  0,  0,  0,  0,  0,  0,  0,  0,  0]]]), 'inv_len': tensor([[[2]]]), 'wiki': tensor([[[185, 181, 184, 178, 182, 181, 185, 178, 184, 181, 182, 178,   0,   0,
            0,   0,   0,   0,   0,   0,   0,   0,   0,   0,   0,   0,   0,   0,
            0,   0,   0,   0,   0,   0,   0,   0,   0,   0,   0,   0,   0,   0,
            0,   0,   0,   0,   0,   0,   0,   0,   0,   0,   0,   0,   0,   0,
            0,   0,   0,   0,   0,   0,   0,   0,   0,   0,   0,   0,   0,   0,
            0,   0,   0,   0,   0,   0,   0,   0,   0,   0]]]), 'wiki_len': tensor([[[13]]]), 'task': tensor([[[165, 178,   0,   0,   0,   0,   0,   0,   0,   0,   0,   0,   0,   0,
            0,   0,   0,   0,   0,   0,   0,   0,   0,   0,   0,   0,   0,   0,
            0,   0,   0,   0,   0,   0,   0,   0,   0,   0,   0,   0]]]), 'task_len': tensor([[[3]]]), 'valid': tensor([[[1., 1., 1., 0., 1.]]]), 'rel_pos': tensor([[[[[-0.1667, -0.3333],
           [ 0.0000, -0.3333],
           [ 0.1667, -0.3333],
           [ 0.3333, -0.3333],
           [ 0.5000, -0.3333],
           [ 0.6667, -0.3333]],

          [[-0.1667, -0.1667],
           [ 0.0000, -0.1667],
           [ 0.1667, -0.1667],
           [ 0.3333, -0.1667],
           [ 0.5000, -0.1667],
           [ 0.6667, -0.1667]],

          [[-0.1667,  0.0000],
           [ 0.0000,  0.0000],
           [ 0.1667,  0.0000],
           [ 0.3333,  0.0000],
           [ 0.5000,  0.0000],
           [ 0.6667,  0.0000]],

          [[-0.1667,  0.1667],
           [ 0.0000,  0.1667],
           [ 0.1667,  0.1667],
           [ 0.3333,  0.1667],
           [ 0.5000,  0.1667],
           [ 0.6667,  0.1667]],

          [[-0.1667,  0.3333],
           [ 0.0000,  0.3333],
           [ 0.1667,  0.3333],
           [ 0.3333,  0.3333],
           [ 0.5000,  0.3333],
           [ 0.6667,  0.3333]],

          [[-0.1667,  0.5000],
           [ 0.0000,  0.5000],
           [ 0.1667,  0.5000],
           [ 0.3333,  0.5000],
           [ 0.5000,  0.5000],
           [ 0.6667,  0.5000]]]]])}
