tensor([[[200, 185, 179, 178, 201, 185, 180, 178, 198, 185, 182, 178, 199, 185,
          181, 178, 191, 184, 208, 209, 210, 211, 178, 190, 184, 212, 213, 178,
          189, 184, 206, 207, 178,   0,   0,   0,   0,   0,   0,   0,   0,   0,
            0,   0,   0,   0,   0,   0,   0,   0,   0,   0,   0,   0,   0,   0,
            0,   0,   0,   0,   0,   0,   0,   0,   0,   0,   0,   0,   0,   0,
            0,   0,   0,   0,   0,   0,   0,   0,   0,   0]]])
tensor([[[ 0.1518, -0.0333,  0.0935,  ..., -0.1779,  0.1750, -0.1206],
         [-0.0192,  0.0386,  0.1292,  ..., -0.1552,  0.1473, -0.0844],
         [ 0.0320,  0.0547,  0.0934,  ..., -0.0424, -0.0168,  0.0117],
         ...,
         [-0.1766,  0.0386,  0.0874,  ...,  0.1492, -0.0994,  0.2970],
         [-0.1968, -0.0165,  0.1443,  ...,  0.1012,  0.1043,  0.0213],
         [-0.1312, -0.0284,  0.1272,  ...,  0.0424, -0.0254,  0.0154]]],
       grad_fn=<IndexSelectBackward0>)
tensor([[[ 0.2901, -0.0219, -0.1434,  ..., -0.0238,  0.7960,  0.2855],
         [ 0.3924, -0.1614,  0.0235,  ...,  0.0256,  0.5601,  0.1744],
         [ 0.1326, -0.2123,  0.0152,  ...,  0.1488,  0.4053,  0.2364],
         ...,
         [-0.0737, -0.1076, -0.0895,  ...,  0.0963,  0.0226, -0.3659],
         [-0.1393, -0.1830, -0.0046,  ...,  0.0349,  0.0572, -0.2456],
         [-0.1266, -0.1629, -0.0384,  ...,  0.0232,  0.0339, -0.0098]]],
       grad_fn=<IndexSelectBackward0>)
tensor([[[200, 185, 179, 178, 201, 185, 180, 178, 198, 185, 182, 178, 199, 185,
          181, 178, 191, 184, 208, 209, 210, 211, 178, 190, 184, 212, 213, 178,
          189, 184, 206, 207, 178,   0,   0,   0,   0,   0,   0,   0,   0,   0,
            0,   0,   0,   0,   0,   0,   0,   0,   0,   0,   0,   0,   0,   0,
            0,   0,   0,   0,   0,   0,   0,   0,   0,   0,   0,   0,   0,   0,
            0,   0,   0,   0,   0,   0,   0,   0,   0,   0]]])
tensor([[[ 0.1518, -0.0333,  0.0935,  ..., -0.1779,  0.1750, -0.1206],
         [-0.0192,  0.0386,  0.1292,  ..., -0.1552,  0.1473, -0.0844],
         [ 0.0320,  0.0547,  0.0934,  ..., -0.0424, -0.0168,  0.0117],
         ...,
         [-0.1766,  0.0386,  0.0874,  ...,  0.1492, -0.0994,  0.2970],
         [-0.1968, -0.0165,  0.1443,  ...,  0.1012,  0.1043,  0.0213],
         [-0.1312, -0.0284,  0.1272,  ...,  0.0424, -0.0254,  0.0154]]],
       grad_fn=<IndexSelectBackward0>)
tensor([[[ 0.2901, -0.0219, -0.1434,  ..., -0.0238,  0.7960,  0.2855],
         [ 0.3924, -0.1614,  0.0235,  ...,  0.0256,  0.5601,  0.1744],
         [ 0.1326, -0.2123,  0.0152,  ...,  0.1488,  0.4053,  0.2364],
         ...,
         [-0.0737, -0.1076, -0.0895,  ...,  0.0963,  0.0226, -0.3659],
         [-0.1393, -0.1830, -0.0046,  ...,  0.0349,  0.0572, -0.2456],
         [-0.1266, -0.1629, -0.0384,  ...,  0.0232,  0.0339, -0.0098]]],
       grad_fn=<IndexSelectBackward0>)
tensor([[[200, 185, 179, 178, 201, 185, 180, 178, 198, 185, 182, 178, 199, 185,
          181, 178, 191, 184, 208, 209, 210, 211, 178, 190, 184, 212, 213, 178,
          189, 184, 206, 207, 178,   0,   0,   0,   0,   0,   0,   0,   0,   0,
            0,   0,   0,   0,   0,   0,   0,   0,   0,   0,   0,   0,   0,   0,
            0,   0,   0,   0,   0,   0,   0,   0,   0,   0,   0,   0,   0,   0,
            0,   0,   0,   0,   0,   0,   0,   0,   0,   0]]])
tensor([[[ 0.1518, -0.0333,  0.0935,  ..., -0.1779,  0.1750, -0.1206],
         [-0.0192,  0.0386,  0.1292,  ..., -0.1552,  0.1473, -0.0844],
         [ 0.0320,  0.0547,  0.0934,  ..., -0.0424, -0.0168,  0.0117],
         ...,
         [-0.1766,  0.0386,  0.0874,  ...,  0.1492, -0.0994,  0.2970],
         [-0.1968, -0.0165,  0.1443,  ...,  0.1012,  0.1043,  0.0213],
         [-0.1312, -0.0284,  0.1272,  ...,  0.0424, -0.0254,  0.0154]]],
       grad_fn=<IndexSelectBackward0>)
tensor([[[ 0.2901, -0.0219, -0.1434,  ..., -0.0238,  0.7960,  0.2855],
         [ 0.3924, -0.1614,  0.0235,  ...,  0.0256,  0.5601,  0.1744],
         [ 0.1326, -0.2123,  0.0152,  ...,  0.1488,  0.4053,  0.2364],
         ...,
         [-0.0737, -0.1076, -0.0895,  ...,  0.0963,  0.0226, -0.3659],
         [-0.1393, -0.1830, -0.0046,  ...,  0.0349,  0.0572, -0.2456],
         [-0.1266, -0.1629, -0.0384,  ...,  0.0232,  0.0339, -0.0098]]],
       grad_fn=<IndexSelectBackward0>)
tensor([[[200, 185, 179, 178, 201, 185, 180, 178, 198, 185, 182, 178, 199, 185,
          181, 178, 191, 184, 208, 209, 210, 211, 178, 190, 184, 212, 213, 178,
          189, 184, 206, 207, 178,   0,   0,   0,   0,   0,   0,   0,   0,   0,
            0,   0,   0,   0,   0,   0,   0,   0,   0,   0,   0,   0,   0,   0,
            0,   0,   0,   0,   0,   0,   0,   0,   0,   0,   0,   0,   0,   0,
            0,   0,   0,   0,   0,   0,   0,   0,   0,   0]]])
tensor([[[ 0.1518, -0.0333,  0.0935,  ..., -0.1779,  0.1750, -0.1206],
         [-0.0192,  0.0386,  0.1292,  ..., -0.1552,  0.1473, -0.0844],
         [ 0.0320,  0.0547,  0.0934,  ..., -0.0424, -0.0168,  0.0117],
         ...,
         [-0.1766,  0.0386,  0.0874,  ...,  0.1492, -0.0994,  0.2970],
         [-0.1968, -0.0165,  0.1443,  ...,  0.1012,  0.1043,  0.0213],
         [-0.1312, -0.0284,  0.1272,  ...,  0.0424, -0.0254,  0.0154]]],
       grad_fn=<IndexSelectBackward0>)
tensor([[[ 0.2901, -0.0219, -0.1434,  ..., -0.0238,  0.7960,  0.2855],
         [ 0.3924, -0.1614,  0.0235,  ...,  0.0256,  0.5601,  0.1744],
         [ 0.1326, -0.2123,  0.0152,  ...,  0.1488,  0.4053,  0.2364],
         ...,
         [-0.0737, -0.1076, -0.0895,  ...,  0.0963,  0.0226, -0.3659],
         [-0.1393, -0.1830, -0.0046,  ...,  0.0349,  0.0572, -0.2456],
         [-0.1266, -0.1629, -0.0384,  ...,  0.0232,  0.0339, -0.0098]]],
       grad_fn=<IndexSelectBackward0>)
tensor([[[200, 185, 179, 178, 201, 185, 180, 178, 198, 185, 182, 178, 199, 185,
          181, 178, 191, 184, 208, 209, 210, 211, 178, 190, 184, 212, 213, 178,
          189, 184, 206, 207, 178,   0,   0,   0,   0,   0,   0,   0,   0,   0,
            0,   0,   0,   0,   0,   0,   0,   0,   0,   0,   0,   0,   0,   0,
            0,   0,   0,   0,   0,   0,   0,   0,   0,   0,   0,   0,   0,   0,
            0,   0,   0,   0,   0,   0,   0,   0,   0,   0]]])
tensor([[[ 0.1518, -0.0333,  0.0935,  ..., -0.1779,  0.1750, -0.1206],
         [-0.0192,  0.0386,  0.1292,  ..., -0.1552,  0.1473, -0.0844],
         [ 0.0320,  0.0547,  0.0934,  ..., -0.0424, -0.0168,  0.0117],
         ...,
         [-0.1766,  0.0386,  0.0874,  ...,  0.1492, -0.0994,  0.2970],
         [-0.1968, -0.0165,  0.1443,  ...,  0.1012,  0.1043,  0.0213],
         [-0.1312, -0.0284,  0.1272,  ...,  0.0424, -0.0254,  0.0154]]],
       grad_fn=<IndexSelectBackward0>)
tensor([[[ 0.2901, -0.0219, -0.1434,  ..., -0.0238,  0.7960,  0.2855],
         [ 0.3924, -0.1614,  0.0235,  ...,  0.0256,  0.5601,  0.1744],
         [ 0.1326, -0.2123,  0.0152,  ...,  0.1488,  0.4053,  0.2364],
         ...,
         [-0.0737, -0.1076, -0.0895,  ...,  0.0963,  0.0226, -0.3659],
         [-0.1393, -0.1830, -0.0046,  ...,  0.0349,  0.0572, -0.2456],
         [-0.1266, -0.1629, -0.0384,  ...,  0.0232,  0.0339, -0.0098]]],
       grad_fn=<IndexSelectBackward0>)
tensor([[[200, 185, 179, 178, 201, 185, 180, 178, 198, 185, 182, 178, 199, 185,
          181, 178, 191, 184, 208, 209, 210, 211, 178, 190, 184, 212, 213, 178,
          189, 184, 206, 207, 178,   0,   0,   0,   0,   0,   0,   0,   0,   0,
            0,   0,   0,   0,   0,   0,   0,   0,   0,   0,   0,   0,   0,   0,
            0,   0,   0,   0,   0,   0,   0,   0,   0,   0,   0,   0,   0,   0,
            0,   0,   0,   0,   0,   0,   0,   0,   0,   0]]])
tensor([[[ 0.1518, -0.0333,  0.0935,  ..., -0.1779,  0.1750, -0.1206],
         [-0.0192,  0.0386,  0.1292,  ..., -0.1552,  0.1473, -0.0844],
         [ 0.0320,  0.0547,  0.0934,  ..., -0.0424, -0.0168,  0.0117],
         ...,
         [-0.1766,  0.0386,  0.0874,  ...,  0.1492, -0.0994,  0.2970],
         [-0.1968, -0.0165,  0.1443,  ...,  0.1012,  0.1043,  0.0213],
         [-0.1312, -0.0284,  0.1272,  ...,  0.0424, -0.0254,  0.0154]]],
       grad_fn=<IndexSelectBackward0>)
tensor([[[ 0.2901, -0.0219, -0.1434,  ..., -0.0238,  0.7960,  0.2855],
         [ 0.3924, -0.1614,  0.0235,  ...,  0.0256,  0.5601,  0.1744],
         [ 0.1326, -0.2123,  0.0152,  ...,  0.1488,  0.4053,  0.2364],
         ...,
         [-0.0737, -0.1076, -0.0895,  ...,  0.0963,  0.0226, -0.3659],
         [-0.1393, -0.1830, -0.0046,  ...,  0.0349,  0.0572, -0.2456],
         [-0.1266, -0.1629, -0.0384,  ...,  0.0232,  0.0339, -0.0098]]],
       grad_fn=<IndexSelectBackward0>)
tensor([[[200, 185, 179, 178, 201, 185, 180, 178, 198, 185, 182, 178, 199, 185,
          181, 178, 191, 184, 208, 209, 210, 211, 178, 190, 184, 212, 213, 178,
          189, 184, 206, 207, 178,   0,   0,   0,   0,   0,   0,   0,   0,   0,
            0,   0,   0,   0,   0,   0,   0,   0,   0,   0,   0,   0,   0,   0,
            0,   0,   0,   0,   0,   0,   0,   0,   0,   0,   0,   0,   0,   0,
            0,   0,   0,   0,   0,   0,   0,   0,   0,   0]]])
tensor([[[ 0.1518, -0.0333,  0.0935,  ..., -0.1779,  0.1750, -0.1206],
         [-0.0192,  0.0386,  0.1292,  ..., -0.1552,  0.1473, -0.0844],
         [ 0.0320,  0.0547,  0.0934,  ..., -0.0424, -0.0168,  0.0117],
         ...,
         [-0.1766,  0.0386,  0.0874,  ...,  0.1492, -0.0994,  0.2970],
         [-0.1968, -0.0165,  0.1443,  ...,  0.1012,  0.1043,  0.0213],
         [-0.1312, -0.0284,  0.1272,  ...,  0.0424, -0.0254,  0.0154]]],
       grad_fn=<IndexSelectBackward0>)
tensor([[[ 0.2901, -0.0219, -0.1434,  ..., -0.0238,  0.7960,  0.2855],
         [ 0.3924, -0.1614,  0.0235,  ...,  0.0256,  0.5601,  0.1744],
         [ 0.1326, -0.2123,  0.0152,  ...,  0.1488,  0.4053,  0.2364],
         ...,
         [-0.0737, -0.1076, -0.0895,  ...,  0.0963,  0.0226, -0.3659],
         [-0.1393, -0.1830, -0.0046,  ...,  0.0349,  0.0572, -0.2456],
         [-0.1266, -0.1629, -0.0384,  ...,  0.0232,  0.0339, -0.0098]]],
       grad_fn=<IndexSelectBackward0>)
tensor([[[198, 185, 179, 178, 200, 185, 180, 178, 201, 185, 182, 178, 199, 185,
          181, 178, 189, 184, 208, 209, 210, 211, 178, 191, 184, 212, 213, 178,
          190, 184, 206, 207, 178,   0,   0,   0,   0,   0,   0,   0,   0,   0,
            0,   0,   0,   0,   0,   0,   0,   0,   0,   0,   0,   0,   0,   0,
            0,   0,   0,   0,   0,   0,   0,   0,   0,   0,   0,   0,   0,   0,
            0,   0,   0,   0,   0,   0,   0,   0,   0,   0]]])
tensor([[[-0.0534,  0.0048,  0.2414,  ..., -0.0380,  0.1594, -0.1609],
         [-0.1125,  0.0097,  0.1591,  ..., -0.1563,  0.1722, -0.1120],
         [-0.0202, -0.0038,  0.1214,  ..., -0.0441,  0.0233, -0.0470],
         ...,
         [-0.0332,  0.1580,  0.0960,  ...,  0.1492, -0.0994,  0.2970],
         [-0.1183,  0.0401,  0.1384,  ...,  0.1012,  0.1043,  0.0213],
         [-0.0602,  0.0266,  0.1234,  ...,  0.0424, -0.0254,  0.0154]]],
       grad_fn=<IndexSelectBackward0>)
tensor([[[-0.1675,  0.0840,  0.2262,  ...,  0.0061,  0.4532, -0.1356],
         [ 0.0253, -0.1282,  0.0621,  ..., -0.0167,  0.6856,  0.0632],
         [-0.1290, -0.2125,  0.0385,  ...,  0.0070,  0.5901,  0.0886],
         ...,
         [-0.0811, -0.1370, -0.1212,  ...,  0.0963,  0.0226, -0.3659],
         [-0.1428, -0.1964, -0.0290,  ...,  0.0349,  0.0572, -0.2456],
         [-0.1283, -0.1715, -0.0546,  ...,  0.0232,  0.0339, -0.0098]]],
       grad_fn=<IndexSelectBackward0>)
tensor([[[198, 185, 179, 178, 200, 185, 180, 178, 201, 185, 182, 178, 199, 185,
          181, 178, 189, 184, 208, 209, 210, 211, 178, 191, 184, 212, 213, 178,
          190, 184, 206, 207, 178,   0,   0,   0,   0,   0,   0,   0,   0,   0,
            0,   0,   0,   0,   0,   0,   0,   0,   0,   0,   0,   0,   0,   0,
            0,   0,   0,   0,   0,   0,   0,   0,   0,   0,   0,   0,   0,   0,
            0,   0,   0,   0,   0,   0,   0,   0,   0,   0]]])
tensor([[[-0.0534,  0.0048,  0.2414,  ..., -0.0380,  0.1594, -0.1609],
         [-0.1125,  0.0097,  0.1591,  ..., -0.1563,  0.1722, -0.1120],
         [-0.0202, -0.0038,  0.1214,  ..., -0.0441,  0.0233, -0.0470],
         ...,
         [-0.0332,  0.1580,  0.0960,  ...,  0.1492, -0.0994,  0.2970],
         [-0.1183,  0.0401,  0.1384,  ...,  0.1012,  0.1043,  0.0213],
         [-0.0602,  0.0266,  0.1234,  ...,  0.0424, -0.0254,  0.0154]]],
       grad_fn=<IndexSelectBackward0>)
tensor([[[-0.1675,  0.0840,  0.2262,  ...,  0.0061,  0.4532, -0.1356],
         [ 0.0253, -0.1282,  0.0621,  ..., -0.0167,  0.6856,  0.0632],
         [-0.1290, -0.2125,  0.0385,  ...,  0.0070,  0.5901,  0.0886],
         ...,
         [-0.0811, -0.1370, -0.1212,  ...,  0.0963,  0.0226, -0.3659],
         [-0.1428, -0.1964, -0.0290,  ...,  0.0349,  0.0572, -0.2456],
         [-0.1283, -0.1715, -0.0546,  ...,  0.0232,  0.0339, -0.0098]]],
       grad_fn=<IndexSelectBackward0>)
tensor([[[198, 185, 179, 178, 200, 185, 180, 178, 201, 185, 182, 178, 199, 185,
          181, 178, 189, 184, 208, 209, 210, 211, 178, 191, 184, 212, 213, 178,
          190, 184, 206, 207, 178,   0,   0,   0,   0,   0,   0,   0,   0,   0,
            0,   0,   0,   0,   0,   0,   0,   0,   0,   0,   0,   0,   0,   0,
            0,   0,   0,   0,   0,   0,   0,   0,   0,   0,   0,   0,   0,   0,
            0,   0,   0,   0,   0,   0,   0,   0,   0,   0]]])
tensor([[[-0.0534,  0.0048,  0.2414,  ..., -0.0380,  0.1594, -0.1609],
         [-0.1125,  0.0097,  0.1591,  ..., -0.1563,  0.1722, -0.1120],
         [-0.0202, -0.0038,  0.1214,  ..., -0.0441,  0.0233, -0.0470],
         ...,
         [-0.0332,  0.1580,  0.0960,  ...,  0.1492, -0.0994,  0.2970],
         [-0.1183,  0.0401,  0.1384,  ...,  0.1012,  0.1043,  0.0213],
         [-0.0602,  0.0266,  0.1234,  ...,  0.0424, -0.0254,  0.0154]]],
       grad_fn=<IndexSelectBackward0>)
tensor([[[-0.1675,  0.0840,  0.2262,  ...,  0.0061,  0.4532, -0.1356],
         [ 0.0253, -0.1282,  0.0621,  ..., -0.0167,  0.6856,  0.0632],
         [-0.1290, -0.2125,  0.0385,  ...,  0.0070,  0.5901,  0.0886],
         ...,
         [-0.0811, -0.1370, -0.1212,  ...,  0.0963,  0.0226, -0.3659],
         [-0.1428, -0.1964, -0.0290,  ...,  0.0349,  0.0572, -0.2456],
         [-0.1283, -0.1715, -0.0546,  ...,  0.0232,  0.0339, -0.0098]]],
       grad_fn=<IndexSelectBackward0>)
tensor([[[198, 185, 179, 178, 200, 185, 180, 178, 201, 185, 182, 178, 199, 185,
          181, 178, 189, 184, 208, 209, 210, 211, 178, 191, 184, 212, 213, 178,
          190, 184, 206, 207, 178,   0,   0,   0,   0,   0,   0,   0,   0,   0,
            0,   0,   0,   0,   0,   0,   0,   0,   0,   0,   0,   0,   0,   0,
            0,   0,   0,   0,   0,   0,   0,   0,   0,   0,   0,   0,   0,   0,
            0,   0,   0,   0,   0,   0,   0,   0,   0,   0]]])
tensor([[[-0.0534,  0.0048,  0.2414,  ..., -0.0380,  0.1594, -0.1609],
         [-0.1125,  0.0097,  0.1591,  ..., -0.1563,  0.1722, -0.1120],
         [-0.0202, -0.0038,  0.1214,  ..., -0.0441,  0.0233, -0.0470],
         ...,
         [-0.0332,  0.1580,  0.0960,  ...,  0.1492, -0.0994,  0.2970],
         [-0.1183,  0.0401,  0.1384,  ...,  0.1012,  0.1043,  0.0213],
         [-0.0602,  0.0266,  0.1234,  ...,  0.0424, -0.0254,  0.0154]]],
       grad_fn=<IndexSelectBackward0>)
tensor([[[-0.1675,  0.0840,  0.2262,  ...,  0.0061,  0.4532, -0.1356],
         [ 0.0253, -0.1282,  0.0621,  ..., -0.0167,  0.6856,  0.0632],
         [-0.1290, -0.2125,  0.0385,  ...,  0.0070,  0.5901,  0.0886],
         ...,
         [-0.0811, -0.1370, -0.1212,  ...,  0.0963,  0.0226, -0.3659],
         [-0.1428, -0.1964, -0.0290,  ...,  0.0349,  0.0572, -0.2456],
         [-0.1283, -0.1715, -0.0546,  ...,  0.0232,  0.0339, -0.0098]]],
       grad_fn=<IndexSelectBackward0>)
tensor([[[198, 185, 179, 178, 200, 185, 180, 178, 201, 185, 182, 178, 199, 185,
          181, 178, 189, 184, 208, 209, 210, 211, 178, 191, 184, 212, 213, 178,
          190, 184, 206, 207, 178,   0,   0,   0,   0,   0,   0,   0,   0,   0,
            0,   0,   0,   0,   0,   0,   0,   0,   0,   0,   0,   0,   0,   0,
            0,   0,   0,   0,   0,   0,   0,   0,   0,   0,   0,   0,   0,   0,
            0,   0,   0,   0,   0,   0,   0,   0,   0,   0]]])
tensor([[[-0.0534,  0.0048,  0.2414,  ..., -0.0380,  0.1594, -0.1609],
         [-0.1125,  0.0097,  0.1591,  ..., -0.1563,  0.1722, -0.1120],
         [-0.0202, -0.0038,  0.1214,  ..., -0.0441,  0.0233, -0.0470],
         ...,
         [-0.0332,  0.1580,  0.0960,  ...,  0.1492, -0.0994,  0.2970],
         [-0.1183,  0.0401,  0.1384,  ...,  0.1012,  0.1043,  0.0213],
         [-0.0602,  0.0266,  0.1234,  ...,  0.0424, -0.0254,  0.0154]]],
       grad_fn=<IndexSelectBackward0>)
tensor([[[-0.1675,  0.0840,  0.2262,  ...,  0.0061,  0.4532, -0.1356],
         [ 0.0253, -0.1282,  0.0621,  ..., -0.0167,  0.6856,  0.0632],
         [-0.1290, -0.2125,  0.0385,  ...,  0.0070,  0.5901,  0.0886],
         ...,
         [-0.0811, -0.1370, -0.1212,  ...,  0.0963,  0.0226, -0.3659],
         [-0.1428, -0.1964, -0.0290,  ...,  0.0349,  0.0572, -0.2456],
         [-0.1283, -0.1715, -0.0546,  ...,  0.0232,  0.0339, -0.0098]]],
       grad_fn=<IndexSelectBackward0>)
tensor([[[198, 185, 179, 178, 200, 185, 180, 178, 201, 185, 182, 178, 199, 185,
          181, 178, 189, 184, 208, 209, 210, 211, 178, 191, 184, 212, 213, 178,
          190, 184, 206, 207, 178,   0,   0,   0,   0,   0,   0,   0,   0,   0,
            0,   0,   0,   0,   0,   0,   0,   0,   0,   0,   0,   0,   0,   0,
            0,   0,   0,   0,   0,   0,   0,   0,   0,   0,   0,   0,   0,   0,
            0,   0,   0,   0,   0,   0,   0,   0,   0,   0]]])
tensor([[[-0.0534,  0.0048,  0.2414,  ..., -0.0380,  0.1594, -0.1609],
         [-0.1125,  0.0097,  0.1591,  ..., -0.1563,  0.1722, -0.1120],
         [-0.0202, -0.0038,  0.1214,  ..., -0.0441,  0.0233, -0.0470],
         ...,
         [-0.0332,  0.1580,  0.0960,  ...,  0.1492, -0.0994,  0.2970],
         [-0.1183,  0.0401,  0.1384,  ...,  0.1012,  0.1043,  0.0213],
         [-0.0602,  0.0266,  0.1234,  ...,  0.0424, -0.0254,  0.0154]]],
       grad_fn=<IndexSelectBackward0>)
tensor([[[-0.1675,  0.0840,  0.2262,  ...,  0.0061,  0.4532, -0.1356],
         [ 0.0253, -0.1282,  0.0621,  ..., -0.0167,  0.6856,  0.0632],
         [-0.1290, -0.2125,  0.0385,  ...,  0.0070,  0.5901,  0.0886],
         ...,
         [-0.0811, -0.1370, -0.1212,  ...,  0.0963,  0.0226, -0.3659],
         [-0.1428, -0.1964, -0.0290,  ...,  0.0349,  0.0572, -0.2456],
         [-0.1283, -0.1715, -0.0546,  ...,  0.0232,  0.0339, -0.0098]]],
       grad_fn=<IndexSelectBackward0>)
tensor([[[198, 185, 179, 178, 200, 185, 180, 178, 201, 185, 182, 178, 199, 185,
          181, 178, 189, 184, 208, 209, 210, 211, 178, 191, 184, 212, 213, 178,
          190, 184, 206, 207, 178,   0,   0,   0,   0,   0,   0,   0,   0,   0,
            0,   0,   0,   0,   0,   0,   0,   0,   0,   0,   0,   0,   0,   0,
            0,   0,   0,   0,   0,   0,   0,   0,   0,   0,   0,   0,   0,   0,
            0,   0,   0,   0,   0,   0,   0,   0,   0,   0]]])
tensor([[[-0.0534,  0.0048,  0.2414,  ..., -0.0380,  0.1594, -0.1609],
         [-0.1125,  0.0097,  0.1591,  ..., -0.1563,  0.1722, -0.1120],
         [-0.0202, -0.0038,  0.1214,  ..., -0.0441,  0.0233, -0.0470],
         ...,
         [-0.0332,  0.1580,  0.0960,  ...,  0.1492, -0.0994,  0.2970],
         [-0.1183,  0.0401,  0.1384,  ...,  0.1012,  0.1043,  0.0213],
         [-0.0602,  0.0266,  0.1234,  ...,  0.0424, -0.0254,  0.0154]]],
       grad_fn=<IndexSelectBackward0>)
tensor([[[-0.1675,  0.0840,  0.2262,  ...,  0.0061,  0.4532, -0.1356],
         [ 0.0253, -0.1282,  0.0621,  ..., -0.0167,  0.6856,  0.0632],
         [-0.1290, -0.2125,  0.0385,  ...,  0.0070,  0.5901,  0.0886],
         ...,
         [-0.0811, -0.1370, -0.1212,  ...,  0.0963,  0.0226, -0.3659],
         [-0.1428, -0.1964, -0.0290,  ...,  0.0349,  0.0572, -0.2456],
         [-0.1283, -0.1715, -0.0546,  ...,  0.0232,  0.0339, -0.0098]]],
       grad_fn=<IndexSelectBackward0>)
tensor([[[198, 185, 179, 178, 200, 185, 180, 178, 201, 185, 182, 178, 199, 185,
          181, 178, 189, 184, 208, 209, 210, 211, 178, 191, 184, 212, 213, 178,
          190, 184, 206, 207, 178,   0,   0,   0,   0,   0,   0,   0,   0,   0,
            0,   0,   0,   0,   0,   0,   0,   0,   0,   0,   0,   0,   0,   0,
            0,   0,   0,   0,   0,   0,   0,   0,   0,   0,   0,   0,   0,   0,
            0,   0,   0,   0,   0,   0,   0,   0,   0,   0]]])
tensor([[[-0.0534,  0.0048,  0.2414,  ..., -0.0380,  0.1594, -0.1609],
         [-0.1125,  0.0097,  0.1591,  ..., -0.1563,  0.1722, -0.1120],
         [-0.0202, -0.0038,  0.1214,  ..., -0.0441,  0.0233, -0.0470],
         ...,
         [-0.0332,  0.1580,  0.0960,  ...,  0.1492, -0.0994,  0.2970],
         [-0.1183,  0.0401,  0.1384,  ...,  0.1012,  0.1043,  0.0213],
         [-0.0602,  0.0266,  0.1234,  ...,  0.0424, -0.0254,  0.0154]]],
       grad_fn=<IndexSelectBackward0>)
tensor([[[-0.1675,  0.0840,  0.2262,  ...,  0.0061,  0.4532, -0.1356],
         [ 0.0253, -0.1282,  0.0621,  ..., -0.0167,  0.6856,  0.0632],
         [-0.1290, -0.2125,  0.0385,  ...,  0.0070,  0.5901,  0.0886],
         ...,
         [-0.0811, -0.1370, -0.1212,  ...,  0.0963,  0.0226, -0.3659],
         [-0.1428, -0.1964, -0.0290,  ...,  0.0349,  0.0572, -0.2456],
         [-0.1283, -0.1715, -0.0546,  ...,  0.0232,  0.0339, -0.0098]]],
       grad_fn=<IndexSelectBackward0>)
tensor([[[198, 185, 179, 178, 200, 185, 180, 178, 201, 185, 182, 178, 199, 185,
          181, 178, 189, 184, 208, 209, 210, 211, 178, 191, 184, 212, 213, 178,
          190, 184, 206, 207, 178,   0,   0,   0,   0,   0,   0,   0,   0,   0,
            0,   0,   0,   0,   0,   0,   0,   0,   0,   0,   0,   0,   0,   0,
            0,   0,   0,   0,   0,   0,   0,   0,   0,   0,   0,   0,   0,   0,
            0,   0,   0,   0,   0,   0,   0,   0,   0,   0]]])
tensor([[[-0.0534,  0.0048,  0.2414,  ..., -0.0380,  0.1594, -0.1609],
         [-0.1125,  0.0097,  0.1591,  ..., -0.1563,  0.1722, -0.1120],
         [-0.0202, -0.0038,  0.1214,  ..., -0.0441,  0.0233, -0.0470],
         ...,
         [-0.0332,  0.1580,  0.0960,  ...,  0.1492, -0.0994,  0.2970],
         [-0.1183,  0.0401,  0.1384,  ...,  0.1012,  0.1043,  0.0213],
         [-0.0602,  0.0266,  0.1234,  ...,  0.0424, -0.0254,  0.0154]]],
       grad_fn=<IndexSelectBackward0>)
tensor([[[-0.1675,  0.0840,  0.2262,  ...,  0.0061,  0.4532, -0.1356],
         [ 0.0253, -0.1282,  0.0621,  ..., -0.0167,  0.6856,  0.0632],
         [-0.1290, -0.2125,  0.0385,  ...,  0.0070,  0.5901,  0.0886],
         ...,
         [-0.0811, -0.1370, -0.1212,  ...,  0.0963,  0.0226, -0.3659],
         [-0.1428, -0.1964, -0.0290,  ...,  0.0349,  0.0572, -0.2456],
         [-0.1283, -0.1715, -0.0546,  ...,  0.0232,  0.0339, -0.0098]]],
       grad_fn=<IndexSelectBackward0>)
tensor([[[198, 185, 179, 178, 200, 185, 180, 178, 201, 185, 182, 178, 199, 185,
          181, 178, 189, 184, 208, 209, 210, 211, 178, 191, 184, 212, 213, 178,
          190, 184, 206, 207, 178,   0,   0,   0,   0,   0,   0,   0,   0,   0,
            0,   0,   0,   0,   0,   0,   0,   0,   0,   0,   0,   0,   0,   0,
            0,   0,   0,   0,   0,   0,   0,   0,   0,   0,   0,   0,   0,   0,
            0,   0,   0,   0,   0,   0,   0,   0,   0,   0]]])
tensor([[[-0.0534,  0.0048,  0.2414,  ..., -0.0380,  0.1594, -0.1609],
         [-0.1125,  0.0097,  0.1591,  ..., -0.1563,  0.1722, -0.1120],
         [-0.0202, -0.0038,  0.1214,  ..., -0.0441,  0.0233, -0.0470],
         ...,
         [-0.0332,  0.1580,  0.0960,  ...,  0.1492, -0.0994,  0.2970],
         [-0.1183,  0.0401,  0.1384,  ...,  0.1012,  0.1043,  0.0213],
         [-0.0602,  0.0266,  0.1234,  ...,  0.0424, -0.0254,  0.0154]]],
       grad_fn=<IndexSelectBackward0>)
tensor([[[-0.1675,  0.0840,  0.2262,  ...,  0.0061,  0.4532, -0.1356],
         [ 0.0253, -0.1282,  0.0621,  ..., -0.0167,  0.6856,  0.0632],
         [-0.1290, -0.2125,  0.0385,  ...,  0.0070,  0.5901,  0.0886],
         ...,
         [-0.0811, -0.1370, -0.1212,  ...,  0.0963,  0.0226, -0.3659],
         [-0.1428, -0.1964, -0.0290,  ...,  0.0349,  0.0572, -0.2456],
         [-0.1283, -0.1715, -0.0546,  ...,  0.0232,  0.0339, -0.0098]]],
       grad_fn=<IndexSelectBackward0>)
tensor([[[198, 185, 179, 178, 200, 185, 180, 178, 201, 185, 182, 178, 199, 185,
          181, 178, 189, 184, 208, 209, 210, 211, 178, 191, 184, 212, 213, 178,
          190, 184, 206, 207, 178,   0,   0,   0,   0,   0,   0,   0,   0,   0,
            0,   0,   0,   0,   0,   0,   0,   0,   0,   0,   0,   0,   0,   0,
            0,   0,   0,   0,   0,   0,   0,   0,   0,   0,   0,   0,   0,   0,
            0,   0,   0,   0,   0,   0,   0,   0,   0,   0]]])
tensor([[[-0.0534,  0.0048,  0.2414,  ..., -0.0380,  0.1594, -0.1609],
         [-0.1125,  0.0097,  0.1591,  ..., -0.1563,  0.1722, -0.1120],
         [-0.0202, -0.0038,  0.1214,  ..., -0.0441,  0.0233, -0.0470],
         ...,
         [-0.0332,  0.1580,  0.0960,  ...,  0.1492, -0.0994,  0.2970],
         [-0.1183,  0.0401,  0.1384,  ...,  0.1012,  0.1043,  0.0213],
         [-0.0602,  0.0266,  0.1234,  ...,  0.0424, -0.0254,  0.0154]]],
       grad_fn=<IndexSelectBackward0>)
tensor([[[-0.1675,  0.0840,  0.2262,  ...,  0.0061,  0.4532, -0.1356],
         [ 0.0253, -0.1282,  0.0621,  ..., -0.0167,  0.6856,  0.0632],
         [-0.1290, -0.2125,  0.0385,  ...,  0.0070,  0.5901,  0.0886],
         ...,
         [-0.0811, -0.1370, -0.1212,  ...,  0.0963,  0.0226, -0.3659],
         [-0.1428, -0.1964, -0.0290,  ...,  0.0349,  0.0572, -0.2456],
         [-0.1283, -0.1715, -0.0546,  ...,  0.0232,  0.0339, -0.0098]]],
       grad_fn=<IndexSelectBackward0>)
tensor([[[199, 185, 179, 178, 201, 185, 180, 178, 198, 185, 182, 178, 200, 185,
          181, 178, 191, 184, 208, 209, 210, 211, 178, 190, 184, 212, 213, 178,
          189, 184, 206, 207, 178,   0,   0,   0,   0,   0,   0,   0,   0,   0,
            0,   0,   0,   0,   0,   0,   0,   0,   0,   0,   0,   0,   0,   0,
            0,   0,   0,   0,   0,   0,   0,   0,   0,   0,   0,   0,   0,   0,
            0,   0,   0,   0,   0,   0,   0,   0,   0,   0]]])
tensor([[[-0.0494, -0.0614,  0.1121,  ..., -0.0900,  0.0059, -0.0941],
         [-0.1319, -0.0376,  0.1372,  ..., -0.1564,  0.1485, -0.0844],
         [-0.0494, -0.0402,  0.1021,  ..., -0.0439, -0.0155,  0.0112],
         ...,
         [-0.1766,  0.0386,  0.0874,  ...,  0.1492, -0.0994,  0.2970],
         [-0.1968, -0.0165,  0.1443,  ...,  0.1012,  0.1043,  0.0213],
         [-0.1311, -0.0284,  0.1272,  ...,  0.0424, -0.0254,  0.0154]]],
       grad_fn=<IndexSelectBackward0>)
tensor([[[ 0.0141,  0.0125,  0.3660,  ...,  0.0779,  0.3435,  0.0282],
         [ 0.2645, -0.1495,  0.0545,  ...,  0.0313,  0.5009,  0.1870],
         [ 0.0626, -0.2038,  0.0238,  ...,  0.1428,  0.3462,  0.2447],
         ...,
         [-0.0737, -0.1076, -0.0896,  ...,  0.0963,  0.0226, -0.3659],
         [-0.1393, -0.1830, -0.0047,  ...,  0.0349,  0.0572, -0.2456],
         [-0.1266, -0.1629, -0.0384,  ...,  0.0232,  0.0339, -0.0098]]],
       grad_fn=<IndexSelectBackward0>)
tensor([[[199, 185, 179, 178, 201, 185, 180, 178, 198, 185, 182, 178, 200, 185,
          181, 178, 191, 184, 208, 209, 210, 211, 178, 190, 184, 212, 213, 178,
          189, 184, 206, 207, 178,   0,   0,   0,   0,   0,   0,   0,   0,   0,
            0,   0,   0,   0,   0,   0,   0,   0,   0,   0,   0,   0,   0,   0,
            0,   0,   0,   0,   0,   0,   0,   0,   0,   0,   0,   0,   0,   0,
            0,   0,   0,   0,   0,   0,   0,   0,   0,   0]]])
tensor([[[-0.0494, -0.0614,  0.1121,  ..., -0.0900,  0.0059, -0.0941],
         [-0.1319, -0.0376,  0.1372,  ..., -0.1564,  0.1485, -0.0844],
         [-0.0494, -0.0402,  0.1021,  ..., -0.0439, -0.0155,  0.0112],
         ...,
         [-0.1766,  0.0386,  0.0874,  ...,  0.1492, -0.0994,  0.2970],
         [-0.1968, -0.0165,  0.1443,  ...,  0.1012,  0.1043,  0.0213],
         [-0.1311, -0.0284,  0.1272,  ...,  0.0424, -0.0254,  0.0154]]],
       grad_fn=<IndexSelectBackward0>)
tensor([[[ 0.0141,  0.0125,  0.3660,  ...,  0.0779,  0.3435,  0.0282],
         [ 0.2645, -0.1495,  0.0545,  ...,  0.0313,  0.5009,  0.1870],
         [ 0.0626, -0.2038,  0.0238,  ...,  0.1428,  0.3462,  0.2447],
         ...,
         [-0.0737, -0.1076, -0.0896,  ...,  0.0963,  0.0226, -0.3659],
         [-0.1393, -0.1830, -0.0047,  ...,  0.0349,  0.0572, -0.2456],
         [-0.1266, -0.1629, -0.0384,  ...,  0.0232,  0.0339, -0.0098]]],
       grad_fn=<IndexSelectBackward0>)
tensor([[[199, 185, 179, 178, 201, 185, 180, 178, 198, 185, 182, 178, 200, 185,
          181, 178, 191, 184, 208, 209, 210, 211, 178, 190, 184, 212, 213, 178,
          189, 184, 206, 207, 178,   0,   0,   0,   0,   0,   0,   0,   0,   0,
            0,   0,   0,   0,   0,   0,   0,   0,   0,   0,   0,   0,   0,   0,
            0,   0,   0,   0,   0,   0,   0,   0,   0,   0,   0,   0,   0,   0,
            0,   0,   0,   0,   0,   0,   0,   0,   0,   0]]])
tensor([[[-0.0494, -0.0614,  0.1121,  ..., -0.0900,  0.0059, -0.0941],
         [-0.1319, -0.0376,  0.1372,  ..., -0.1564,  0.1485, -0.0844],
         [-0.0494, -0.0402,  0.1021,  ..., -0.0439, -0.0155,  0.0112],
         ...,
         [-0.1766,  0.0386,  0.0874,  ...,  0.1492, -0.0994,  0.2970],
         [-0.1968, -0.0165,  0.1443,  ...,  0.1012,  0.1043,  0.0213],
         [-0.1311, -0.0284,  0.1272,  ...,  0.0424, -0.0254,  0.0154]]],
       grad_fn=<IndexSelectBackward0>)
tensor([[[ 0.0141,  0.0125,  0.3660,  ...,  0.0779,  0.3435,  0.0282],
         [ 0.2645, -0.1495,  0.0545,  ...,  0.0313,  0.5009,  0.1870],
         [ 0.0626, -0.2038,  0.0238,  ...,  0.1428,  0.3462,  0.2447],
         ...,
         [-0.0737, -0.1076, -0.0896,  ...,  0.0963,  0.0226, -0.3659],
         [-0.1393, -0.1830, -0.0047,  ...,  0.0349,  0.0572, -0.2456],
         [-0.1266, -0.1629, -0.0384,  ...,  0.0232,  0.0339, -0.0098]]],
       grad_fn=<IndexSelectBackward0>)
tensor([[[198, 185, 179, 178, 199, 185, 180, 178, 201, 185, 182, 178, 200, 185,
          181, 178, 189, 184, 208, 209, 210, 211, 178, 190, 184, 212, 213, 178,
          191, 184, 206, 207, 178,   0,   0,   0,   0,   0,   0,   0,   0,   0,
            0,   0,   0,   0,   0,   0,   0,   0,   0,   0,   0,   0,   0,   0,
            0,   0,   0,   0,   0,   0,   0,   0,   0,   0,   0,   0,   0,   0,
            0,   0,   0,   0,   0,   0,   0,   0,   0,   0]]])
tensor([[[-0.0534,  0.0048,  0.2414,  ..., -0.0152,  0.1422, -0.1558],
         [-0.1125,  0.0097,  0.1591,  ..., -0.1293,  0.1450, -0.1008],
         [-0.0202, -0.0038,  0.1214,  ..., -0.0051, -0.0186, -0.0302],
         ...,
         [ 0.1658,  0.0465,  0.1651,  ...,  0.1492, -0.0994,  0.2970],
         [ 0.0345,  0.0015,  0.1675,  ...,  0.1012,  0.1043,  0.0213],
         [ 0.0810, -0.0014,  0.1570,  ...,  0.0424, -0.0254,  0.0154]]],
       grad_fn=<IndexSelectBackward0>)
tensor([[[-0.1675,  0.0840,  0.2262,  ...,  0.0088, -0.0286, -0.1575],
         [ 0.0253, -0.1282,  0.0621,  ..., -0.0129,  0.1495,  0.2079],
         [-0.1290, -0.2125,  0.0385,  ...,  0.0485,  0.2597,  0.0749],
         ...,
         [-0.0984, -0.1335, -0.0907,  ...,  0.0963,  0.0226, -0.3659],
         [-0.1508, -0.1947, -0.0041,  ...,  0.0349,  0.0572, -0.2456],
         [-0.1330, -0.1704, -0.0390,  ...,  0.0232,  0.0339, -0.0098]]],
       grad_fn=<IndexSelectBackward0>)
tensor([[[198, 185, 179, 178, 199, 185, 180, 178, 201, 185, 182, 178, 200, 185,
          181, 178, 189, 184, 208, 209, 210, 211, 178, 190, 184, 212, 213, 178,
          191, 184, 206, 207, 178,   0,   0,   0,   0,   0,   0,   0,   0,   0,
            0,   0,   0,   0,   0,   0,   0,   0,   0,   0,   0,   0,   0,   0,
            0,   0,   0,   0,   0,   0,   0,   0,   0,   0,   0,   0,   0,   0,
            0,   0,   0,   0,   0,   0,   0,   0,   0,   0]]])
tensor([[[-0.0534,  0.0048,  0.2414,  ..., -0.0152,  0.1422, -0.1558],
         [-0.1125,  0.0097,  0.1591,  ..., -0.1293,  0.1450, -0.1008],
         [-0.0202, -0.0038,  0.1214,  ..., -0.0051, -0.0186, -0.0302],
         ...,
         [ 0.1658,  0.0465,  0.1651,  ...,  0.1492, -0.0994,  0.2970],
         [ 0.0345,  0.0015,  0.1675,  ...,  0.1012,  0.1043,  0.0213],
         [ 0.0810, -0.0014,  0.1570,  ...,  0.0424, -0.0254,  0.0154]]],
       grad_fn=<IndexSelectBackward0>)
tensor([[[-0.1675,  0.0840,  0.2262,  ...,  0.0088, -0.0286, -0.1575],
         [ 0.0253, -0.1282,  0.0621,  ..., -0.0129,  0.1495,  0.2079],
         [-0.1290, -0.2125,  0.0385,  ...,  0.0485,  0.2597,  0.0749],
         ...,
         [-0.0984, -0.1335, -0.0907,  ...,  0.0963,  0.0226, -0.3659],
         [-0.1508, -0.1947, -0.0041,  ...,  0.0349,  0.0572, -0.2456],
         [-0.1330, -0.1704, -0.0390,  ...,  0.0232,  0.0339, -0.0098]]],
       grad_fn=<IndexSelectBackward0>)
tensor([[[198, 185, 179, 178, 199, 185, 180, 178, 201, 185, 182, 178, 200, 185,
          181, 178, 189, 184, 208, 209, 210, 211, 178, 190, 184, 212, 213, 178,
          191, 184, 206, 207, 178,   0,   0,   0,   0,   0,   0,   0,   0,   0,
            0,   0,   0,   0,   0,   0,   0,   0,   0,   0,   0,   0,   0,   0,
            0,   0,   0,   0,   0,   0,   0,   0,   0,   0,   0,   0,   0,   0,
            0,   0,   0,   0,   0,   0,   0,   0,   0,   0]]])
tensor([[[-0.0534,  0.0048,  0.2414,  ..., -0.0152,  0.1422, -0.1558],
         [-0.1125,  0.0097,  0.1591,  ..., -0.1293,  0.1450, -0.1008],
         [-0.0202, -0.0038,  0.1214,  ..., -0.0051, -0.0186, -0.0302],
         ...,
         [ 0.1658,  0.0465,  0.1651,  ...,  0.1492, -0.0994,  0.2970],
         [ 0.0345,  0.0015,  0.1675,  ...,  0.1012,  0.1043,  0.0213],
         [ 0.0810, -0.0014,  0.1570,  ...,  0.0424, -0.0254,  0.0154]]],
       grad_fn=<IndexSelectBackward0>)
tensor([[[-0.1675,  0.0840,  0.2262,  ...,  0.0088, -0.0286, -0.1575],
         [ 0.0253, -0.1282,  0.0621,  ..., -0.0129,  0.1495,  0.2079],
         [-0.1290, -0.2125,  0.0385,  ...,  0.0485,  0.2597,  0.0749],
         ...,
         [-0.0984, -0.1335, -0.0907,  ...,  0.0963,  0.0226, -0.3659],
         [-0.1508, -0.1947, -0.0041,  ...,  0.0349,  0.0572, -0.2456],
         [-0.1330, -0.1704, -0.0390,  ...,  0.0232,  0.0339, -0.0098]]],
       grad_fn=<IndexSelectBackward0>)
tensor([[[198, 185, 179, 178, 199, 185, 180, 178, 201, 185, 182, 178, 200, 185,
          181, 178, 189, 184, 208, 209, 210, 211, 178, 190, 184, 212, 213, 178,
          191, 184, 206, 207, 178,   0,   0,   0,   0,   0,   0,   0,   0,   0,
            0,   0,   0,   0,   0,   0,   0,   0,   0,   0,   0,   0,   0,   0,
            0,   0,   0,   0,   0,   0,   0,   0,   0,   0,   0,   0,   0,   0,
            0,   0,   0,   0,   0,   0,   0,   0,   0,   0]]])
tensor([[[-0.0534,  0.0048,  0.2414,  ..., -0.0152,  0.1422, -0.1558],
         [-0.1125,  0.0097,  0.1591,  ..., -0.1293,  0.1450, -0.1008],
         [-0.0202, -0.0038,  0.1214,  ..., -0.0051, -0.0186, -0.0302],
         ...,
         [ 0.1658,  0.0465,  0.1651,  ...,  0.1492, -0.0994,  0.2970],
         [ 0.0345,  0.0015,  0.1675,  ...,  0.1012,  0.1043,  0.0213],
         [ 0.0810, -0.0014,  0.1570,  ...,  0.0424, -0.0254,  0.0154]]],
       grad_fn=<IndexSelectBackward0>)
tensor([[[-0.1675,  0.0840,  0.2262,  ...,  0.0088, -0.0286, -0.1575],
         [ 0.0253, -0.1282,  0.0621,  ..., -0.0129,  0.1495,  0.2079],
         [-0.1290, -0.2125,  0.0385,  ...,  0.0485,  0.2597,  0.0749],
         ...,
         [-0.0984, -0.1335, -0.0907,  ...,  0.0963,  0.0226, -0.3659],
         [-0.1508, -0.1947, -0.0041,  ...,  0.0349,  0.0572, -0.2456],
         [-0.1330, -0.1704, -0.0390,  ...,  0.0232,  0.0339, -0.0098]]],
       grad_fn=<IndexSelectBackward0>)
tensor([[[198, 185, 179, 178, 199, 185, 180, 178, 201, 185, 182, 178, 200, 185,
          181, 178, 189, 184, 208, 209, 210, 211, 178, 190, 184, 212, 213, 178,
          191, 184, 206, 207, 178,   0,   0,   0,   0,   0,   0,   0,   0,   0,
            0,   0,   0,   0,   0,   0,   0,   0,   0,   0,   0,   0,   0,   0,
            0,   0,   0,   0,   0,   0,   0,   0,   0,   0,   0,   0,   0,   0,
            0,   0,   0,   0,   0,   0,   0,   0,   0,   0]]])
tensor([[[-0.0534,  0.0048,  0.2414,  ..., -0.0152,  0.1422, -0.1558],
         [-0.1125,  0.0097,  0.1591,  ..., -0.1293,  0.1450, -0.1008],
         [-0.0202, -0.0038,  0.1214,  ..., -0.0051, -0.0186, -0.0302],
         ...,
         [ 0.1658,  0.0465,  0.1651,  ...,  0.1492, -0.0994,  0.2970],
         [ 0.0345,  0.0015,  0.1675,  ...,  0.1012,  0.1043,  0.0213],
         [ 0.0810, -0.0014,  0.1570,  ...,  0.0424, -0.0254,  0.0154]]],
       grad_fn=<IndexSelectBackward0>)
tensor([[[-0.1675,  0.0840,  0.2262,  ...,  0.0088, -0.0286, -0.1575],
         [ 0.0253, -0.1282,  0.0621,  ..., -0.0129,  0.1495,  0.2079],
         [-0.1290, -0.2125,  0.0385,  ...,  0.0485,  0.2597,  0.0749],
         ...,
         [-0.0984, -0.1335, -0.0907,  ...,  0.0963,  0.0226, -0.3659],
         [-0.1508, -0.1947, -0.0041,  ...,  0.0349,  0.0572, -0.2456],
         [-0.1330, -0.1704, -0.0390,  ...,  0.0232,  0.0339, -0.0098]]],
       grad_fn=<IndexSelectBackward0>)
tensor([[[198, 185, 179, 178, 199, 185, 180, 178, 201, 185, 182, 178, 200, 185,
          181, 178, 189, 184, 208, 209, 210, 211, 178, 190, 184, 212, 213, 178,
          191, 184, 206, 207, 178,   0,   0,   0,   0,   0,   0,   0,   0,   0,
            0,   0,   0,   0,   0,   0,   0,   0,   0,   0,   0,   0,   0,   0,
            0,   0,   0,   0,   0,   0,   0,   0,   0,   0,   0,   0,   0,   0,
            0,   0,   0,   0,   0,   0,   0,   0,   0,   0]]])
tensor([[[-0.0534,  0.0048,  0.2414,  ..., -0.0152,  0.1422, -0.1558],
         [-0.1125,  0.0097,  0.1591,  ..., -0.1293,  0.1450, -0.1008],
         [-0.0202, -0.0038,  0.1214,  ..., -0.0051, -0.0186, -0.0302],
         ...,
         [ 0.1658,  0.0465,  0.1651,  ...,  0.1492, -0.0994,  0.2970],
         [ 0.0345,  0.0015,  0.1675,  ...,  0.1012,  0.1043,  0.0213],
         [ 0.0810, -0.0014,  0.1570,  ...,  0.0424, -0.0254,  0.0154]]],
       grad_fn=<IndexSelectBackward0>)
tensor([[[-0.1675,  0.0840,  0.2262,  ...,  0.0088, -0.0286, -0.1575],
         [ 0.0253, -0.1282,  0.0621,  ..., -0.0129,  0.1495,  0.2079],
         [-0.1290, -0.2125,  0.0385,  ...,  0.0485,  0.2597,  0.0749],
         ...,
         [-0.0984, -0.1335, -0.0907,  ...,  0.0963,  0.0226, -0.3659],
         [-0.1508, -0.1947, -0.0041,  ...,  0.0349,  0.0572, -0.2456],
         [-0.1330, -0.1704, -0.0390,  ...,  0.0232,  0.0339, -0.0098]]],
       grad_fn=<IndexSelectBackward0>)
tensor([[[198, 185, 179, 178, 199, 185, 180, 178, 201, 185, 182, 178, 200, 185,
          181, 178, 189, 184, 208, 209, 210, 211, 178, 190, 184, 212, 213, 178,
          191, 184, 206, 207, 178,   0,   0,   0,   0,   0,   0,   0,   0,   0,
            0,   0,   0,   0,   0,   0,   0,   0,   0,   0,   0,   0,   0,   0,
            0,   0,   0,   0,   0,   0,   0,   0,   0,   0,   0,   0,   0,   0,
            0,   0,   0,   0,   0,   0,   0,   0,   0,   0]]])
tensor([[[-0.0534,  0.0048,  0.2414,  ..., -0.0152,  0.1422, -0.1558],
         [-0.1125,  0.0097,  0.1591,  ..., -0.1293,  0.1450, -0.1008],
         [-0.0202, -0.0038,  0.1214,  ..., -0.0051, -0.0186, -0.0302],
         ...,
         [ 0.1658,  0.0465,  0.1651,  ...,  0.1492, -0.0994,  0.2970],
         [ 0.0345,  0.0015,  0.1675,  ...,  0.1012,  0.1043,  0.0213],
         [ 0.0810, -0.0014,  0.1570,  ...,  0.0424, -0.0254,  0.0154]]],
       grad_fn=<IndexSelectBackward0>)
tensor([[[-0.1675,  0.0840,  0.2262,  ...,  0.0088, -0.0286, -0.1575],
         [ 0.0253, -0.1282,  0.0621,  ..., -0.0129,  0.1495,  0.2079],
         [-0.1290, -0.2125,  0.0385,  ...,  0.0485,  0.2597,  0.0749],
         ...,
         [-0.0984, -0.1335, -0.0907,  ...,  0.0963,  0.0226, -0.3659],
         [-0.1508, -0.1947, -0.0041,  ...,  0.0349,  0.0572, -0.2456],
         [-0.1330, -0.1704, -0.0390,  ...,  0.0232,  0.0339, -0.0098]]],
       grad_fn=<IndexSelectBackward0>)
tensor([[[201, 185, 179, 178, 198, 185, 180, 178, 199, 185, 182, 178, 200, 185,
          181, 178, 190, 184, 208, 209, 210, 211, 178, 191, 184, 212, 213, 178,
          189, 184, 206, 207, 178,   0,   0,   0,   0,   0,   0,   0,   0,   0,
            0,   0,   0,   0,   0,   0,   0,   0,   0,   0,   0,   0,   0,   0,
            0,   0,   0,   0,   0,   0,   0,   0,   0,   0,   0,   0,   0,   0,
            0,   0,   0,   0,   0,   0,   0,   0,   0,   0]]])
tensor([[[-0.0833, -0.0041, -0.0432,  ..., -0.1308,  0.0414,  0.0762],
         [-0.1162,  0.0175,  0.0785,  ..., -0.1267,  0.1807, -0.1187],
         [-0.0157,  0.0129,  0.0778,  ..., -0.0005,  0.0359, -0.0568],
         ...,
         [-0.1577,  0.0439,  0.0936,  ...,  0.1492, -0.0994,  0.2970],
         [-0.1930, -0.0143,  0.1459,  ...,  0.1012,  0.1043,  0.0213],
         [-0.1312, -0.0267,  0.1286,  ...,  0.0424, -0.0254,  0.0154]]],
       grad_fn=<IndexSelectBackward0>)
tensor([[[ 0.1599, -0.0208, -0.0488,  ...,  0.0038, -0.0305,  0.2709],
         [ 0.3143, -0.1811,  0.0284,  ..., -0.0437, -0.2645,  0.2391],
         [ 0.0776, -0.2268,  0.0165,  ...,  0.0229, -0.2090,  0.0831],
         ...,
         [-0.0753, -0.1090, -0.0896,  ...,  0.0963,  0.0226, -0.3659],
         [-0.1399, -0.1837, -0.0051,  ...,  0.0349,  0.0572, -0.2456],
         [-0.1270, -0.1633, -0.0391,  ...,  0.0232,  0.0339, -0.0098]]],
       grad_fn=<IndexSelectBackward0>)
tensor([[[201, 185, 179, 178, 198, 185, 180, 178, 199, 185, 182, 178, 200, 185,
          181, 178, 190, 184, 208, 209, 210, 211, 178, 191, 184, 212, 213, 178,
          189, 184, 206, 207, 178,   0,   0,   0,   0,   0,   0,   0,   0,   0,
            0,   0,   0,   0,   0,   0,   0,   0,   0,   0,   0,   0,   0,   0,
            0,   0,   0,   0,   0,   0,   0,   0,   0,   0,   0,   0,   0,   0,
            0,   0,   0,   0,   0,   0,   0,   0,   0,   0]]])
tensor([[[-0.0833, -0.0041, -0.0432,  ..., -0.1308,  0.0414,  0.0762],
         [-0.1162,  0.0175,  0.0785,  ..., -0.1267,  0.1807, -0.1187],
         [-0.0157,  0.0129,  0.0778,  ..., -0.0005,  0.0359, -0.0568],
         ...,
         [-0.1577,  0.0439,  0.0936,  ...,  0.1492, -0.0994,  0.2970],
         [-0.1930, -0.0143,  0.1459,  ...,  0.1012,  0.1043,  0.0213],
         [-0.1312, -0.0267,  0.1286,  ...,  0.0424, -0.0254,  0.0154]]],
       grad_fn=<IndexSelectBackward0>)
tensor([[[ 0.1599, -0.0208, -0.0488,  ...,  0.0038, -0.0305,  0.2709],
         [ 0.3143, -0.1811,  0.0284,  ..., -0.0437, -0.2645,  0.2391],
         [ 0.0776, -0.2268,  0.0165,  ...,  0.0229, -0.2090,  0.0831],
         ...,
         [-0.0753, -0.1090, -0.0896,  ...,  0.0963,  0.0226, -0.3659],
         [-0.1399, -0.1837, -0.0051,  ...,  0.0349,  0.0572, -0.2456],
         [-0.1270, -0.1633, -0.0391,  ...,  0.0232,  0.0339, -0.0098]]],
       grad_fn=<IndexSelectBackward0>)
tensor([[[201, 185, 179, 178, 198, 185, 180, 178, 199, 185, 182, 178, 200, 185,
          181, 178, 190, 184, 208, 209, 210, 211, 178, 191, 184, 212, 213, 178,
          189, 184, 206, 207, 178,   0,   0,   0,   0,   0,   0,   0,   0,   0,
            0,   0,   0,   0,   0,   0,   0,   0,   0,   0,   0,   0,   0,   0,
            0,   0,   0,   0,   0,   0,   0,   0,   0,   0,   0,   0,   0,   0,
            0,   0,   0,   0,   0,   0,   0,   0,   0,   0]]])
tensor([[[-0.0833, -0.0041, -0.0432,  ..., -0.1308,  0.0414,  0.0762],
         [-0.1162,  0.0175,  0.0785,  ..., -0.1267,  0.1807, -0.1187],
         [-0.0157,  0.0129,  0.0778,  ..., -0.0005,  0.0359, -0.0568],
         ...,
         [-0.1577,  0.0439,  0.0936,  ...,  0.1492, -0.0994,  0.2970],
         [-0.1930, -0.0143,  0.1459,  ...,  0.1012,  0.1043,  0.0213],
         [-0.1312, -0.0267,  0.1286,  ...,  0.0424, -0.0254,  0.0154]]],
       grad_fn=<IndexSelectBackward0>)
tensor([[[ 0.1599, -0.0208, -0.0488,  ...,  0.0038, -0.0305,  0.2709],
         [ 0.3143, -0.1811,  0.0284,  ..., -0.0437, -0.2645,  0.2391],
         [ 0.0776, -0.2268,  0.0165,  ...,  0.0229, -0.2090,  0.0831],
         ...,
         [-0.0753, -0.1090, -0.0896,  ...,  0.0963,  0.0226, -0.3659],
         [-0.1399, -0.1837, -0.0051,  ...,  0.0349,  0.0572, -0.2456],
         [-0.1270, -0.1633, -0.0391,  ...,  0.0232,  0.0339, -0.0098]]],
       grad_fn=<IndexSelectBackward0>)
tensor([[[201, 185, 179, 178, 198, 185, 180, 178, 199, 185, 182, 178, 200, 185,
          181, 178, 190, 184, 208, 209, 210, 211, 178, 191, 184, 212, 213, 178,
          189, 184, 206, 207, 178,   0,   0,   0,   0,   0,   0,   0,   0,   0,
            0,   0,   0,   0,   0,   0,   0,   0,   0,   0,   0,   0,   0,   0,
            0,   0,   0,   0,   0,   0,   0,   0,   0,   0,   0,   0,   0,   0,
            0,   0,   0,   0,   0,   0,   0,   0,   0,   0]]])
tensor([[[-0.0833, -0.0041, -0.0432,  ..., -0.1308,  0.0414,  0.0762],
         [-0.1162,  0.0175,  0.0785,  ..., -0.1267,  0.1807, -0.1187],
         [-0.0157,  0.0129,  0.0778,  ..., -0.0005,  0.0359, -0.0568],
         ...,
         [-0.1577,  0.0439,  0.0936,  ...,  0.1492, -0.0994,  0.2970],
         [-0.1930, -0.0143,  0.1459,  ...,  0.1012,  0.1043,  0.0213],
         [-0.1312, -0.0267,  0.1286,  ...,  0.0424, -0.0254,  0.0154]]],
       grad_fn=<IndexSelectBackward0>)
tensor([[[ 0.1599, -0.0208, -0.0488,  ...,  0.0038, -0.0305,  0.2709],
         [ 0.3143, -0.1811,  0.0284,  ..., -0.0437, -0.2645,  0.2391],
         [ 0.0776, -0.2268,  0.0165,  ...,  0.0229, -0.2090,  0.0831],
         ...,
         [-0.0753, -0.1090, -0.0896,  ...,  0.0963,  0.0226, -0.3659],
         [-0.1399, -0.1837, -0.0051,  ...,  0.0349,  0.0572, -0.2456],
         [-0.1270, -0.1633, -0.0391,  ...,  0.0232,  0.0339, -0.0098]]],
       grad_fn=<IndexSelectBackward0>)
tensor([[[201, 185, 179, 178, 198, 185, 180, 178, 199, 185, 182, 178, 200, 185,
          181, 178, 190, 184, 208, 209, 210, 211, 178, 191, 184, 212, 213, 178,
          189, 184, 206, 207, 178,   0,   0,   0,   0,   0,   0,   0,   0,   0,
            0,   0,   0,   0,   0,   0,   0,   0,   0,   0,   0,   0,   0,   0,
            0,   0,   0,   0,   0,   0,   0,   0,   0,   0,   0,   0,   0,   0,
            0,   0,   0,   0,   0,   0,   0,   0,   0,   0]]])
tensor([[[-0.0833, -0.0041, -0.0432,  ..., -0.1308,  0.0414,  0.0762],
         [-0.1162,  0.0175,  0.0785,  ..., -0.1267,  0.1807, -0.1187],
         [-0.0157,  0.0129,  0.0778,  ..., -0.0005,  0.0359, -0.0568],
         ...,
         [-0.1577,  0.0439,  0.0936,  ...,  0.1492, -0.0994,  0.2970],
         [-0.1930, -0.0143,  0.1459,  ...,  0.1012,  0.1043,  0.0213],
         [-0.1312, -0.0267,  0.1286,  ...,  0.0424, -0.0254,  0.0154]]],
       grad_fn=<IndexSelectBackward0>)
tensor([[[ 0.1599, -0.0208, -0.0488,  ...,  0.0038, -0.0305,  0.2709],
         [ 0.3143, -0.1811,  0.0284,  ..., -0.0437, -0.2645,  0.2391],
         [ 0.0776, -0.2268,  0.0165,  ...,  0.0229, -0.2090,  0.0831],
         ...,
         [-0.0753, -0.1090, -0.0896,  ...,  0.0963,  0.0226, -0.3659],
         [-0.1399, -0.1837, -0.0051,  ...,  0.0349,  0.0572, -0.2456],
         [-0.1270, -0.1633, -0.0391,  ...,  0.0232,  0.0339, -0.0098]]],
       grad_fn=<IndexSelectBackward0>)
tensor([[[201, 185, 179, 178, 198, 185, 180, 178, 199, 185, 182, 178, 200, 185,
          181, 178, 190, 184, 208, 209, 210, 211, 178, 191, 184, 212, 213, 178,
          189, 184, 206, 207, 178,   0,   0,   0,   0,   0,   0,   0,   0,   0,
            0,   0,   0,   0,   0,   0,   0,   0,   0,   0,   0,   0,   0,   0,
            0,   0,   0,   0,   0,   0,   0,   0,   0,   0,   0,   0,   0,   0,
            0,   0,   0,   0,   0,   0,   0,   0,   0,   0]]])
tensor([[[-0.0833, -0.0041, -0.0432,  ..., -0.1308,  0.0414,  0.0762],
         [-0.1162,  0.0175,  0.0785,  ..., -0.1267,  0.1807, -0.1187],
         [-0.0157,  0.0129,  0.0778,  ..., -0.0005,  0.0359, -0.0568],
         ...,
         [-0.1577,  0.0439,  0.0936,  ...,  0.1492, -0.0994,  0.2970],
         [-0.1930, -0.0143,  0.1459,  ...,  0.1012,  0.1043,  0.0213],
         [-0.1312, -0.0267,  0.1286,  ...,  0.0424, -0.0254,  0.0154]]],
       grad_fn=<IndexSelectBackward0>)
tensor([[[ 0.1599, -0.0208, -0.0488,  ...,  0.0038, -0.0305,  0.2709],
         [ 0.3143, -0.1811,  0.0284,  ..., -0.0437, -0.2645,  0.2391],
         [ 0.0776, -0.2268,  0.0165,  ...,  0.0229, -0.2090,  0.0831],
         ...,
         [-0.0753, -0.1090, -0.0896,  ...,  0.0963,  0.0226, -0.3659],
         [-0.1399, -0.1837, -0.0051,  ...,  0.0349,  0.0572, -0.2456],
         [-0.1270, -0.1633, -0.0391,  ...,  0.0232,  0.0339, -0.0098]]],
       grad_fn=<IndexSelectBackward0>)
tensor([[[200, 185, 179, 178, 201, 185, 180, 178, 198, 185, 182, 178, 199, 185,
          181, 178, 190, 184, 208, 209, 210, 211, 178, 191, 184, 212, 213, 178,
          189, 184, 206, 207, 178,   0,   0,   0,   0,   0,   0,   0,   0,   0,
            0,   0,   0,   0,   0,   0,   0,   0,   0,   0,   0,   0,   0,   0,
            0,   0,   0,   0,   0,   0,   0,   0,   0,   0,   0,   0,   0,   0,
            0,   0,   0,   0,   0,   0,   0,   0,   0,   0]]])
tensor([[[ 0.1518, -0.0333,  0.0935,  ..., -0.1780,  0.1751, -0.1205],
         [-0.0192,  0.0386,  0.1292,  ..., -0.1553,  0.1473, -0.0843],
         [ 0.0320,  0.0547,  0.0934,  ..., -0.0424, -0.0167,  0.0118],
         ...,
         [-0.1577,  0.0439,  0.0936,  ...,  0.1492, -0.0994,  0.2970],
         [-0.1930, -0.0143,  0.1459,  ...,  0.1012,  0.1043,  0.0213],
         [-0.1312, -0.0267,  0.1286,  ...,  0.0424, -0.0254,  0.0154]]],
       grad_fn=<IndexSelectBackward0>)
tensor([[[ 0.2901, -0.0219, -0.1434,  ..., -0.0239,  0.7941,  0.2860],
         [ 0.3924, -0.1614,  0.0235,  ...,  0.0255,  0.5565,  0.1749],
         [ 0.1326, -0.2123,  0.0152,  ...,  0.1485,  0.4005,  0.2368],
         ...,
         [-0.0753, -0.1090, -0.0896,  ...,  0.0963,  0.0226, -0.3659],
         [-0.1399, -0.1837, -0.0051,  ...,  0.0349,  0.0572, -0.2456],
         [-0.1270, -0.1632, -0.0390,  ...,  0.0232,  0.0339, -0.0098]]],
       grad_fn=<IndexSelectBackward0>)
tensor([[[200, 185, 179, 178, 201, 185, 180, 178, 198, 185, 182, 178, 199, 185,
          181, 178, 190, 184, 208, 209, 210, 211, 178, 191, 184, 212, 213, 178,
          189, 184, 206, 207, 178,   0,   0,   0,   0,   0,   0,   0,   0,   0,
            0,   0,   0,   0,   0,   0,   0,   0,   0,   0,   0,   0,   0,   0,
            0,   0,   0,   0,   0,   0,   0,   0,   0,   0,   0,   0,   0,   0,
            0,   0,   0,   0,   0,   0,   0,   0,   0,   0]]])
tensor([[[ 0.1518, -0.0333,  0.0935,  ..., -0.1780,  0.1751, -0.1205],
         [-0.0192,  0.0386,  0.1292,  ..., -0.1553,  0.1473, -0.0843],
         [ 0.0320,  0.0547,  0.0934,  ..., -0.0424, -0.0167,  0.0118],
         ...,
         [-0.1577,  0.0439,  0.0936,  ...,  0.1492, -0.0994,  0.2970],
         [-0.1930, -0.0143,  0.1459,  ...,  0.1012,  0.1043,  0.0213],
         [-0.1312, -0.0267,  0.1286,  ...,  0.0424, -0.0254,  0.0154]]],
       grad_fn=<IndexSelectBackward0>)
tensor([[[ 0.2901, -0.0219, -0.1434,  ..., -0.0239,  0.7941,  0.2860],
         [ 0.3924, -0.1614,  0.0235,  ...,  0.0255,  0.5565,  0.1749],
         [ 0.1326, -0.2123,  0.0152,  ...,  0.1485,  0.4005,  0.2368],
         ...,
         [-0.0753, -0.1090, -0.0896,  ...,  0.0963,  0.0226, -0.3659],
         [-0.1399, -0.1837, -0.0051,  ...,  0.0349,  0.0572, -0.2456],
         [-0.1270, -0.1632, -0.0390,  ...,  0.0232,  0.0339, -0.0098]]],
       grad_fn=<IndexSelectBackward0>)
tensor([[[200, 185, 179, 178, 201, 185, 180, 178, 198, 185, 182, 178, 199, 185,
          181, 178, 190, 184, 208, 209, 210, 211, 178, 191, 184, 212, 213, 178,
          189, 184, 206, 207, 178,   0,   0,   0,   0,   0,   0,   0,   0,   0,
            0,   0,   0,   0,   0,   0,   0,   0,   0,   0,   0,   0,   0,   0,
            0,   0,   0,   0,   0,   0,   0,   0,   0,   0,   0,   0,   0,   0,
            0,   0,   0,   0,   0,   0,   0,   0,   0,   0]]])
tensor([[[ 0.1518, -0.0333,  0.0935,  ..., -0.1780,  0.1751, -0.1205],
         [-0.0192,  0.0386,  0.1292,  ..., -0.1553,  0.1473, -0.0843],
         [ 0.0320,  0.0547,  0.0934,  ..., -0.0424, -0.0167,  0.0118],
         ...,
         [-0.1577,  0.0439,  0.0936,  ...,  0.1492, -0.0994,  0.2970],
         [-0.1930, -0.0143,  0.1459,  ...,  0.1012,  0.1043,  0.0213],
         [-0.1312, -0.0267,  0.1286,  ...,  0.0424, -0.0254,  0.0154]]],
       grad_fn=<IndexSelectBackward0>)
tensor([[[ 0.2901, -0.0219, -0.1434,  ..., -0.0239,  0.7941,  0.2860],
         [ 0.3924, -0.1614,  0.0235,  ...,  0.0255,  0.5565,  0.1749],
         [ 0.1326, -0.2123,  0.0152,  ...,  0.1485,  0.4005,  0.2368],
         ...,
         [-0.0753, -0.1090, -0.0896,  ...,  0.0963,  0.0226, -0.3659],
         [-0.1399, -0.1837, -0.0051,  ...,  0.0349,  0.0572, -0.2456],
         [-0.1270, -0.1632, -0.0390,  ...,  0.0232,  0.0339, -0.0098]]],
       grad_fn=<IndexSelectBackward0>)
tensor([[[200, 185, 179, 178, 201, 185, 180, 178, 198, 185, 182, 178, 199, 185,
          181, 178, 190, 184, 208, 209, 210, 211, 178, 191, 184, 212, 213, 178,
          189, 184, 206, 207, 178,   0,   0,   0,   0,   0,   0,   0,   0,   0,
            0,   0,   0,   0,   0,   0,   0,   0,   0,   0,   0,   0,   0,   0,
            0,   0,   0,   0,   0,   0,   0,   0,   0,   0,   0,   0,   0,   0,
            0,   0,   0,   0,   0,   0,   0,   0,   0,   0]]])
tensor([[[ 0.1518, -0.0333,  0.0935,  ..., -0.1780,  0.1751, -0.1205],
         [-0.0192,  0.0386,  0.1292,  ..., -0.1553,  0.1473, -0.0843],
         [ 0.0320,  0.0547,  0.0934,  ..., -0.0424, -0.0167,  0.0118],
         ...,
         [-0.1577,  0.0439,  0.0936,  ...,  0.1492, -0.0994,  0.2970],
         [-0.1930, -0.0143,  0.1459,  ...,  0.1012,  0.1043,  0.0213],
         [-0.1312, -0.0267,  0.1286,  ...,  0.0424, -0.0254,  0.0154]]],
       grad_fn=<IndexSelectBackward0>)
tensor([[[ 0.2901, -0.0219, -0.1434,  ..., -0.0239,  0.7941,  0.2860],
         [ 0.3924, -0.1614,  0.0235,  ...,  0.0255,  0.5565,  0.1749],
         [ 0.1326, -0.2123,  0.0152,  ...,  0.1485,  0.4005,  0.2368],
         ...,
         [-0.0753, -0.1090, -0.0896,  ...,  0.0963,  0.0226, -0.3659],
         [-0.1399, -0.1837, -0.0051,  ...,  0.0349,  0.0572, -0.2456],
         [-0.1270, -0.1632, -0.0390,  ...,  0.0232,  0.0339, -0.0098]]],
       grad_fn=<IndexSelectBackward0>)
tensor([[[200, 185, 179, 178, 201, 185, 180, 178, 198, 185, 182, 178, 199, 185,
          181, 178, 190, 184, 208, 209, 210, 211, 178, 191, 184, 212, 213, 178,
          189, 184, 206, 207, 178,   0,   0,   0,   0,   0,   0,   0,   0,   0,
            0,   0,   0,   0,   0,   0,   0,   0,   0,   0,   0,   0,   0,   0,
            0,   0,   0,   0,   0,   0,   0,   0,   0,   0,   0,   0,   0,   0,
            0,   0,   0,   0,   0,   0,   0,   0,   0,   0]]])
tensor([[[ 0.1518, -0.0333,  0.0935,  ..., -0.1780,  0.1751, -0.1205],
         [-0.0192,  0.0386,  0.1292,  ..., -0.1553,  0.1473, -0.0843],
         [ 0.0320,  0.0547,  0.0934,  ..., -0.0424, -0.0167,  0.0118],
         ...,
         [-0.1577,  0.0439,  0.0936,  ...,  0.1492, -0.0994,  0.2970],
         [-0.1930, -0.0143,  0.1459,  ...,  0.1012,  0.1043,  0.0213],
         [-0.1312, -0.0267,  0.1286,  ...,  0.0424, -0.0254,  0.0154]]],
       grad_fn=<IndexSelectBackward0>)
tensor([[[ 0.2901, -0.0219, -0.1434,  ..., -0.0239,  0.7941,  0.2860],
         [ 0.3924, -0.1614,  0.0235,  ...,  0.0255,  0.5565,  0.1749],
         [ 0.1326, -0.2123,  0.0152,  ...,  0.1485,  0.4005,  0.2368],
         ...,
         [-0.0753, -0.1090, -0.0896,  ...,  0.0963,  0.0226, -0.3659],
         [-0.1399, -0.1837, -0.0051,  ...,  0.0349,  0.0572, -0.2456],
         [-0.1270, -0.1632, -0.0390,  ...,  0.0232,  0.0339, -0.0098]]],
       grad_fn=<IndexSelectBackward0>)
tensor([[[200, 185, 179, 178, 201, 185, 180, 178, 198, 185, 182, 178, 199, 185,
          181, 178, 190, 184, 208, 209, 210, 211, 178, 191, 184, 212, 213, 178,
          189, 184, 206, 207, 178,   0,   0,   0,   0,   0,   0,   0,   0,   0,
            0,   0,   0,   0,   0,   0,   0,   0,   0,   0,   0,   0,   0,   0,
            0,   0,   0,   0,   0,   0,   0,   0,   0,   0,   0,   0,   0,   0,
            0,   0,   0,   0,   0,   0,   0,   0,   0,   0]]])
tensor([[[ 0.1518, -0.0333,  0.0935,  ..., -0.1780,  0.1751, -0.1205],
         [-0.0192,  0.0386,  0.1292,  ..., -0.1553,  0.1473, -0.0843],
         [ 0.0320,  0.0547,  0.0934,  ..., -0.0424, -0.0167,  0.0118],
         ...,
         [-0.1577,  0.0439,  0.0936,  ...,  0.1492, -0.0994,  0.2970],
         [-0.1930, -0.0143,  0.1459,  ...,  0.1012,  0.1043,  0.0213],
         [-0.1312, -0.0267,  0.1286,  ...,  0.0424, -0.0254,  0.0154]]],
       grad_fn=<IndexSelectBackward0>)
tensor([[[ 0.2901, -0.0219, -0.1434,  ..., -0.0239,  0.7941,  0.2860],
         [ 0.3924, -0.1614,  0.0235,  ...,  0.0255,  0.5565,  0.1749],
         [ 0.1326, -0.2123,  0.0152,  ...,  0.1485,  0.4005,  0.2368],
         ...,
         [-0.0753, -0.1090, -0.0896,  ...,  0.0963,  0.0226, -0.3659],
         [-0.1399, -0.1837, -0.0051,  ...,  0.0349,  0.0572, -0.2456],
         [-0.1270, -0.1632, -0.0390,  ...,  0.0232,  0.0339, -0.0098]]],
       grad_fn=<IndexSelectBackward0>)
tensor([[[200, 185, 179, 178, 201, 185, 180, 178, 198, 185, 182, 178, 199, 185,
          181, 178, 190, 184, 208, 209, 210, 211, 178, 191, 184, 212, 213, 178,
          189, 184, 206, 207, 178,   0,   0,   0,   0,   0,   0,   0,   0,   0,
            0,   0,   0,   0,   0,   0,   0,   0,   0,   0,   0,   0,   0,   0,
            0,   0,   0,   0,   0,   0,   0,   0,   0,   0,   0,   0,   0,   0,
            0,   0,   0,   0,   0,   0,   0,   0,   0,   0]]])
tensor([[[ 0.1518, -0.0333,  0.0935,  ..., -0.1780,  0.1751, -0.1205],
         [-0.0192,  0.0386,  0.1292,  ..., -0.1553,  0.1473, -0.0843],
         [ 0.0320,  0.0547,  0.0934,  ..., -0.0424, -0.0167,  0.0118],
         ...,
         [-0.1577,  0.0439,  0.0936,  ...,  0.1492, -0.0994,  0.2970],
         [-0.1930, -0.0143,  0.1459,  ...,  0.1012,  0.1043,  0.0213],
         [-0.1312, -0.0267,  0.1286,  ...,  0.0424, -0.0254,  0.0154]]],
       grad_fn=<IndexSelectBackward0>)
tensor([[[ 0.2901, -0.0219, -0.1434,  ..., -0.0239,  0.7941,  0.2860],
         [ 0.3924, -0.1614,  0.0235,  ...,  0.0255,  0.5565,  0.1749],
         [ 0.1326, -0.2123,  0.0152,  ...,  0.1485,  0.4005,  0.2368],
         ...,
         [-0.0753, -0.1090, -0.0896,  ...,  0.0963,  0.0226, -0.3659],
         [-0.1399, -0.1837, -0.0051,  ...,  0.0349,  0.0572, -0.2456],
         [-0.1270, -0.1632, -0.0390,  ...,  0.0232,  0.0339, -0.0098]]],
       grad_fn=<IndexSelectBackward0>)
tensor([[[200, 185, 179, 178, 201, 185, 180, 178, 198, 185, 182, 178, 199, 185,
          181, 178, 190, 184, 208, 209, 210, 211, 178, 191, 184, 212, 213, 178,
          189, 184, 206, 207, 178,   0,   0,   0,   0,   0,   0,   0,   0,   0,
            0,   0,   0,   0,   0,   0,   0,   0,   0,   0,   0,   0,   0,   0,
            0,   0,   0,   0,   0,   0,   0,   0,   0,   0,   0,   0,   0,   0,
            0,   0,   0,   0,   0,   0,   0,   0,   0,   0]]])
tensor([[[ 0.1518, -0.0333,  0.0935,  ..., -0.1780,  0.1751, -0.1205],
         [-0.0192,  0.0386,  0.1292,  ..., -0.1553,  0.1473, -0.0843],
         [ 0.0320,  0.0547,  0.0934,  ..., -0.0424, -0.0167,  0.0118],
         ...,
         [-0.1577,  0.0439,  0.0936,  ...,  0.1492, -0.0994,  0.2970],
         [-0.1930, -0.0143,  0.1459,  ...,  0.1012,  0.1043,  0.0213],
         [-0.1312, -0.0267,  0.1286,  ...,  0.0424, -0.0254,  0.0154]]],
       grad_fn=<IndexSelectBackward0>)
tensor([[[ 0.2901, -0.0219, -0.1434,  ..., -0.0239,  0.7941,  0.2860],
         [ 0.3924, -0.1614,  0.0235,  ...,  0.0255,  0.5565,  0.1749],
         [ 0.1326, -0.2123,  0.0152,  ...,  0.1485,  0.4005,  0.2368],
         ...,
         [-0.0753, -0.1090, -0.0896,  ...,  0.0963,  0.0226, -0.3659],
         [-0.1399, -0.1837, -0.0051,  ...,  0.0349,  0.0572, -0.2456],
         [-0.1270, -0.1632, -0.0390,  ...,  0.0232,  0.0339, -0.0098]]],
       grad_fn=<IndexSelectBackward0>)
tensor([[[199, 185, 179, 178, 200, 185, 180, 178, 201, 185, 182, 178, 198, 185,
          181, 178, 190, 184, 208, 209, 210, 211, 178, 191, 184, 212, 213, 178,
          189, 184, 206, 207, 178,   0,   0,   0,   0,   0,   0,   0,   0,   0,
            0,   0,   0,   0,   0,   0,   0,   0,   0,   0,   0,   0,   0,   0,
            0,   0,   0,   0,   0,   0,   0,   0,   0,   0,   0,   0,   0,   0,
            0,   0,   0,   0,   0,   0,   0,   0,   0,   0]]])
tensor([[[-0.0494, -0.0614,  0.1121,  ..., -0.0956,  0.0174, -0.1116],
         [-0.1319, -0.0376,  0.1372,  ..., -0.1572,  0.1733, -0.1121],
         [-0.0494, -0.0402,  0.1021,  ..., -0.0451,  0.0247, -0.0475],
         ...,
         [-0.1577,  0.0439,  0.0936,  ...,  0.1492, -0.0994,  0.2970],
         [-0.1930, -0.0143,  0.1459,  ...,  0.1012,  0.1043,  0.0213],
         [-0.1312, -0.0267,  0.1286,  ...,  0.0424, -0.0254,  0.0154]]],
       grad_fn=<IndexSelectBackward0>)
tensor([[[ 0.0141,  0.0125,  0.3660,  ...,  0.0053,  0.4163, -0.0492],
         [ 0.2645, -0.1495,  0.0545,  ..., -0.0120,  0.6939,  0.0695],
         [ 0.0626, -0.2038,  0.0238,  ...,  0.0210,  0.5949,  0.1065],
         ...,
         [-0.0753, -0.1091, -0.0898,  ...,  0.0963,  0.0226, -0.3659],
         [-0.1399, -0.1837, -0.0053,  ...,  0.0349,  0.0572, -0.2456],
         [-0.1270, -0.1633, -0.0392,  ...,  0.0232,  0.0339, -0.0098]]],
       grad_fn=<IndexSelectBackward0>)
tensor([[[199, 185, 179, 178, 200, 185, 180, 178, 201, 185, 182, 178, 198, 185,
          181, 178, 190, 184, 208, 209, 210, 211, 178, 191, 184, 212, 213, 178,
          189, 184, 206, 207, 178,   0,   0,   0,   0,   0,   0,   0,   0,   0,
            0,   0,   0,   0,   0,   0,   0,   0,   0,   0,   0,   0,   0,   0,
            0,   0,   0,   0,   0,   0,   0,   0,   0,   0,   0,   0,   0,   0,
            0,   0,   0,   0,   0,   0,   0,   0,   0,   0]]])
tensor([[[-0.0494, -0.0614,  0.1121,  ..., -0.0956,  0.0174, -0.1116],
         [-0.1319, -0.0376,  0.1372,  ..., -0.1572,  0.1733, -0.1121],
         [-0.0494, -0.0402,  0.1021,  ..., -0.0451,  0.0247, -0.0475],
         ...,
         [-0.1577,  0.0439,  0.0936,  ...,  0.1492, -0.0994,  0.2970],
         [-0.1930, -0.0143,  0.1459,  ...,  0.1012,  0.1043,  0.0213],
         [-0.1312, -0.0267,  0.1286,  ...,  0.0424, -0.0254,  0.0154]]],
       grad_fn=<IndexSelectBackward0>)
tensor([[[ 0.0141,  0.0125,  0.3660,  ...,  0.0053,  0.4163, -0.0492],
         [ 0.2645, -0.1495,  0.0545,  ..., -0.0120,  0.6939,  0.0695],
         [ 0.0626, -0.2038,  0.0238,  ...,  0.0210,  0.5949,  0.1065],
         ...,
         [-0.0753, -0.1091, -0.0898,  ...,  0.0963,  0.0226, -0.3659],
         [-0.1399, -0.1837, -0.0053,  ...,  0.0349,  0.0572, -0.2456],
         [-0.1270, -0.1633, -0.0392,  ...,  0.0232,  0.0339, -0.0098]]],
       grad_fn=<IndexSelectBackward0>)
tensor([[[199, 185, 179, 178, 200, 185, 180, 178, 201, 185, 182, 178, 198, 185,
          181, 178, 190, 184, 208, 209, 210, 211, 178, 191, 184, 212, 213, 178,
          189, 184, 206, 207, 178,   0,   0,   0,   0,   0,   0,   0,   0,   0,
            0,   0,   0,   0,   0,   0,   0,   0,   0,   0,   0,   0,   0,   0,
            0,   0,   0,   0,   0,   0,   0,   0,   0,   0,   0,   0,   0,   0,
            0,   0,   0,   0,   0,   0,   0,   0,   0,   0]]])
tensor([[[-0.0494, -0.0614,  0.1121,  ..., -0.0956,  0.0174, -0.1116],
         [-0.1319, -0.0376,  0.1372,  ..., -0.1572,  0.1733, -0.1121],
         [-0.0494, -0.0402,  0.1021,  ..., -0.0451,  0.0247, -0.0475],
         ...,
         [-0.1577,  0.0439,  0.0936,  ...,  0.1492, -0.0994,  0.2970],
         [-0.1930, -0.0143,  0.1459,  ...,  0.1012,  0.1043,  0.0213],
         [-0.1312, -0.0267,  0.1286,  ...,  0.0424, -0.0254,  0.0154]]],
       grad_fn=<IndexSelectBackward0>)
tensor([[[ 0.0141,  0.0125,  0.3660,  ...,  0.0053,  0.4163, -0.0492],
         [ 0.2645, -0.1495,  0.0545,  ..., -0.0120,  0.6939,  0.0695],
         [ 0.0626, -0.2038,  0.0238,  ...,  0.0210,  0.5949,  0.1065],
         ...,
         [-0.0753, -0.1091, -0.0898,  ...,  0.0963,  0.0226, -0.3659],
         [-0.1399, -0.1837, -0.0053,  ...,  0.0349,  0.0572, -0.2456],
         [-0.1270, -0.1633, -0.0392,  ...,  0.0232,  0.0339, -0.0098]]],
       grad_fn=<IndexSelectBackward0>)
tensor([[[199, 185, 179, 178, 200, 185, 180, 178, 201, 185, 182, 178, 198, 185,
          181, 178, 190, 184, 208, 209, 210, 211, 178, 191, 184, 212, 213, 178,
          189, 184, 206, 207, 178,   0,   0,   0,   0,   0,   0,   0,   0,   0,
            0,   0,   0,   0,   0,   0,   0,   0,   0,   0,   0,   0,   0,   0,
            0,   0,   0,   0,   0,   0,   0,   0,   0,   0,   0,   0,   0,   0,
            0,   0,   0,   0,   0,   0,   0,   0,   0,   0]]])
tensor([[[-0.0494, -0.0614,  0.1121,  ..., -0.0956,  0.0174, -0.1116],
         [-0.1319, -0.0376,  0.1372,  ..., -0.1572,  0.1733, -0.1121],
         [-0.0494, -0.0402,  0.1021,  ..., -0.0451,  0.0247, -0.0475],
         ...,
         [-0.1577,  0.0439,  0.0936,  ...,  0.1492, -0.0994,  0.2970],
         [-0.1930, -0.0143,  0.1459,  ...,  0.1012,  0.1043,  0.0213],
         [-0.1312, -0.0267,  0.1286,  ...,  0.0424, -0.0254,  0.0154]]],
       grad_fn=<IndexSelectBackward0>)
tensor([[[ 0.0141,  0.0125,  0.3660,  ...,  0.0053,  0.4163, -0.0492],
         [ 0.2645, -0.1495,  0.0545,  ..., -0.0120,  0.6939,  0.0695],
         [ 0.0626, -0.2038,  0.0238,  ...,  0.0210,  0.5949,  0.1065],
         ...,
         [-0.0753, -0.1091, -0.0898,  ...,  0.0963,  0.0226, -0.3659],
         [-0.1399, -0.1837, -0.0053,  ...,  0.0349,  0.0572, -0.2456],
         [-0.1270, -0.1633, -0.0392,  ...,  0.0232,  0.0339, -0.0098]]],
       grad_fn=<IndexSelectBackward0>)
tensor([[[199, 185, 179, 178, 200, 185, 180, 178, 201, 185, 182, 178, 198, 185,
          181, 178, 190, 184, 208, 209, 210, 211, 178, 191, 184, 212, 213, 178,
          189, 184, 206, 207, 178,   0,   0,   0,   0,   0,   0,   0,   0,   0,
            0,   0,   0,   0,   0,   0,   0,   0,   0,   0,   0,   0,   0,   0,
            0,   0,   0,   0,   0,   0,   0,   0,   0,   0,   0,   0,   0,   0,
            0,   0,   0,   0,   0,   0,   0,   0,   0,   0]]])
tensor([[[-0.0494, -0.0614,  0.1121,  ..., -0.0956,  0.0174, -0.1116],
         [-0.1319, -0.0376,  0.1372,  ..., -0.1572,  0.1733, -0.1121],
         [-0.0494, -0.0402,  0.1021,  ..., -0.0451,  0.0247, -0.0475],
         ...,
         [-0.1577,  0.0439,  0.0936,  ...,  0.1492, -0.0994,  0.2970],
         [-0.1930, -0.0143,  0.1459,  ...,  0.1012,  0.1043,  0.0213],
         [-0.1312, -0.0267,  0.1286,  ...,  0.0424, -0.0254,  0.0154]]],
       grad_fn=<IndexSelectBackward0>)
tensor([[[ 0.0141,  0.0125,  0.3660,  ...,  0.0053,  0.4163, -0.0492],
         [ 0.2645, -0.1495,  0.0545,  ..., -0.0120,  0.6939,  0.0695],
         [ 0.0626, -0.2038,  0.0238,  ...,  0.0210,  0.5949,  0.1065],
         ...,
         [-0.0753, -0.1091, -0.0898,  ...,  0.0963,  0.0226, -0.3659],
         [-0.1399, -0.1837, -0.0053,  ...,  0.0349,  0.0572, -0.2456],
         [-0.1270, -0.1633, -0.0392,  ...,  0.0232,  0.0339, -0.0098]]],
       grad_fn=<IndexSelectBackward0>)
tensor([[[199, 185, 179, 178, 200, 185, 180, 178, 201, 185, 182, 178, 198, 185,
          181, 178, 190, 184, 208, 209, 210, 211, 178, 191, 184, 212, 213, 178,
          189, 184, 206, 207, 178,   0,   0,   0,   0,   0,   0,   0,   0,   0,
            0,   0,   0,   0,   0,   0,   0,   0,   0,   0,   0,   0,   0,   0,
            0,   0,   0,   0,   0,   0,   0,   0,   0,   0,   0,   0,   0,   0,
            0,   0,   0,   0,   0,   0,   0,   0,   0,   0]]])
tensor([[[-0.0494, -0.0614,  0.1121,  ..., -0.0956,  0.0174, -0.1116],
         [-0.1319, -0.0376,  0.1372,  ..., -0.1572,  0.1733, -0.1121],
         [-0.0494, -0.0402,  0.1021,  ..., -0.0451,  0.0247, -0.0475],
         ...,
         [-0.1577,  0.0439,  0.0936,  ...,  0.1492, -0.0994,  0.2970],
         [-0.1930, -0.0143,  0.1459,  ...,  0.1012,  0.1043,  0.0213],
         [-0.1312, -0.0267,  0.1286,  ...,  0.0424, -0.0254,  0.0154]]],
       grad_fn=<IndexSelectBackward0>)
tensor([[[ 0.0141,  0.0125,  0.3660,  ...,  0.0053,  0.4163, -0.0492],
         [ 0.2645, -0.1495,  0.0545,  ..., -0.0120,  0.6939,  0.0695],
         [ 0.0626, -0.2038,  0.0238,  ...,  0.0210,  0.5949,  0.1065],
         ...,
         [-0.0753, -0.1091, -0.0898,  ...,  0.0963,  0.0226, -0.3659],
         [-0.1399, -0.1837, -0.0053,  ...,  0.0349,  0.0572, -0.2456],
         [-0.1270, -0.1633, -0.0392,  ...,  0.0232,  0.0339, -0.0098]]],
       grad_fn=<IndexSelectBackward0>)
tensor([[[199, 185, 179, 178, 200, 185, 180, 178, 201, 185, 182, 178, 198, 185,
          181, 178, 190, 184, 208, 209, 210, 211, 178, 191, 184, 212, 213, 178,
          189, 184, 206, 207, 178,   0,   0,   0,   0,   0,   0,   0,   0,   0,
            0,   0,   0,   0,   0,   0,   0,   0,   0,   0,   0,   0,   0,   0,
            0,   0,   0,   0,   0,   0,   0,   0,   0,   0,   0,   0,   0,   0,
            0,   0,   0,   0,   0,   0,   0,   0,   0,   0]]])
tensor([[[-0.0494, -0.0614,  0.1121,  ..., -0.0956,  0.0174, -0.1116],
         [-0.1319, -0.0376,  0.1372,  ..., -0.1572,  0.1733, -0.1121],
         [-0.0494, -0.0402,  0.1021,  ..., -0.0451,  0.0247, -0.0475],
         ...,
         [-0.1577,  0.0439,  0.0936,  ...,  0.1492, -0.0994,  0.2970],
         [-0.1930, -0.0143,  0.1459,  ...,  0.1012,  0.1043,  0.0213],
         [-0.1312, -0.0267,  0.1286,  ...,  0.0424, -0.0254,  0.0154]]],
       grad_fn=<IndexSelectBackward0>)
tensor([[[ 0.0141,  0.0125,  0.3660,  ...,  0.0053,  0.4163, -0.0492],
         [ 0.2645, -0.1495,  0.0545,  ..., -0.0120,  0.6939,  0.0695],
         [ 0.0626, -0.2038,  0.0238,  ...,  0.0210,  0.5949,  0.1065],
         ...,
         [-0.0753, -0.1091, -0.0898,  ...,  0.0963,  0.0226, -0.3659],
         [-0.1399, -0.1837, -0.0053,  ...,  0.0349,  0.0572, -0.2456],
         [-0.1270, -0.1633, -0.0392,  ...,  0.0232,  0.0339, -0.0098]]],
       grad_fn=<IndexSelectBackward0>)
tensor([[[200, 185, 179, 178, 199, 185, 180, 178, 201, 185, 182, 178, 198, 185,
          181, 178, 191, 184, 208, 209, 210, 211, 178, 190, 184, 212, 213, 178,
          189, 184, 206, 207, 178,   0,   0,   0,   0,   0,   0,   0,   0,   0,
            0,   0,   0,   0,   0,   0,   0,   0,   0,   0,   0,   0,   0,   0,
            0,   0,   0,   0,   0,   0,   0,   0,   0,   0,   0,   0,   0,   0,
            0,   0,   0,   0,   0,   0,   0,   0,   0,   0]]])
tensor([[[ 0.1518, -0.0333,  0.0935,  ..., -0.1600,  0.1731, -0.1292],
         [-0.0192,  0.0386,  0.1292,  ..., -0.1287,  0.1448, -0.1009],
         [ 0.0320,  0.0547,  0.0934,  ..., -0.0042, -0.0188, -0.0303],
         ...,
         [-0.1766,  0.0386,  0.0874,  ...,  0.1492, -0.0994,  0.2970],
         [-0.1968, -0.0166,  0.1443,  ...,  0.1012,  0.1043,  0.0213],
         [-0.1312, -0.0284,  0.1272,  ...,  0.0424, -0.0254,  0.0154]]],
       grad_fn=<IndexSelectBackward0>)
tensor([[[ 0.2901, -0.0219, -0.1434,  ..., -0.0476,  0.5258,  0.3876],
         [ 0.3924, -0.1614,  0.0235,  ..., -0.0047,  0.3104,  0.1906],
         [ 0.1326, -0.2123,  0.0152,  ...,  0.0637,  0.3709,  0.0940],
         ...,
         [-0.0737, -0.1077, -0.0897,  ...,  0.0963,  0.0226, -0.3659],
         [-0.1393, -0.1831, -0.0048,  ...,  0.0349,  0.0572, -0.2456],
         [-0.1266, -0.1629, -0.0385,  ...,  0.0232,  0.0339, -0.0098]]],
       grad_fn=<IndexSelectBackward0>)
tensor([[[200, 185, 179, 178, 199, 185, 180, 178, 201, 185, 182, 178, 198, 185,
          181, 178, 191, 184, 208, 209, 210, 211, 178, 190, 184, 212, 213, 178,
          189, 184, 206, 207, 178,   0,   0,   0,   0,   0,   0,   0,   0,   0,
            0,   0,   0,   0,   0,   0,   0,   0,   0,   0,   0,   0,   0,   0,
            0,   0,   0,   0,   0,   0,   0,   0,   0,   0,   0,   0,   0,   0,
            0,   0,   0,   0,   0,   0,   0,   0,   0,   0]]])
tensor([[[ 0.1518, -0.0333,  0.0935,  ..., -0.1600,  0.1731, -0.1292],
         [-0.0192,  0.0386,  0.1292,  ..., -0.1287,  0.1448, -0.1009],
         [ 0.0320,  0.0547,  0.0934,  ..., -0.0042, -0.0188, -0.0303],
         ...,
         [-0.1766,  0.0386,  0.0874,  ...,  0.1492, -0.0994,  0.2970],
         [-0.1968, -0.0166,  0.1443,  ...,  0.1012,  0.1043,  0.0213],
         [-0.1312, -0.0284,  0.1272,  ...,  0.0424, -0.0254,  0.0154]]],
       grad_fn=<IndexSelectBackward0>)
tensor([[[ 0.2901, -0.0219, -0.1434,  ..., -0.0476,  0.5258,  0.3876],
         [ 0.3924, -0.1614,  0.0235,  ..., -0.0047,  0.3104,  0.1906],
         [ 0.1326, -0.2123,  0.0152,  ...,  0.0637,  0.3709,  0.0940],
         ...,
         [-0.0737, -0.1077, -0.0897,  ...,  0.0963,  0.0226, -0.3659],
         [-0.1393, -0.1831, -0.0048,  ...,  0.0349,  0.0572, -0.2456],
         [-0.1266, -0.1629, -0.0385,  ...,  0.0232,  0.0339, -0.0098]]],
       grad_fn=<IndexSelectBackward0>)
tensor([[[200, 185, 179, 178, 199, 185, 180, 178, 201, 185, 182, 178, 198, 185,
          181, 178, 191, 184, 208, 209, 210, 211, 178, 190, 184, 212, 213, 178,
          189, 184, 206, 207, 178,   0,   0,   0,   0,   0,   0,   0,   0,   0,
            0,   0,   0,   0,   0,   0,   0,   0,   0,   0,   0,   0,   0,   0,
            0,   0,   0,   0,   0,   0,   0,   0,   0,   0,   0,   0,   0,   0,
            0,   0,   0,   0,   0,   0,   0,   0,   0,   0]]])
tensor([[[ 0.1518, -0.0333,  0.0935,  ..., -0.1600,  0.1731, -0.1292],
         [-0.0192,  0.0386,  0.1292,  ..., -0.1287,  0.1448, -0.1009],
         [ 0.0320,  0.0547,  0.0934,  ..., -0.0042, -0.0188, -0.0303],
         ...,
         [-0.1766,  0.0386,  0.0874,  ...,  0.1492, -0.0994,  0.2970],
         [-0.1968, -0.0166,  0.1443,  ...,  0.1012,  0.1043,  0.0213],
         [-0.1312, -0.0284,  0.1272,  ...,  0.0424, -0.0254,  0.0154]]],
       grad_fn=<IndexSelectBackward0>)
tensor([[[ 0.2901, -0.0219, -0.1434,  ..., -0.0476,  0.5258,  0.3876],
         [ 0.3924, -0.1614,  0.0235,  ..., -0.0047,  0.3104,  0.1906],
         [ 0.1326, -0.2123,  0.0152,  ...,  0.0637,  0.3709,  0.0940],
         ...,
         [-0.0737, -0.1077, -0.0897,  ...,  0.0963,  0.0226, -0.3659],
         [-0.1393, -0.1831, -0.0048,  ...,  0.0349,  0.0572, -0.2456],
         [-0.1266, -0.1629, -0.0385,  ...,  0.0232,  0.0339, -0.0098]]],
       grad_fn=<IndexSelectBackward0>)
tensor([[[200, 185, 179, 178, 199, 185, 180, 178, 201, 185, 182, 178, 198, 185,
          181, 178, 191, 184, 208, 209, 210, 211, 178, 190, 184, 212, 213, 178,
          189, 184, 206, 207, 178,   0,   0,   0,   0,   0,   0,   0,   0,   0,
            0,   0,   0,   0,   0,   0,   0,   0,   0,   0,   0,   0,   0,   0,
            0,   0,   0,   0,   0,   0,   0,   0,   0,   0,   0,   0,   0,   0,
            0,   0,   0,   0,   0,   0,   0,   0,   0,   0]]])
tensor([[[ 0.1518, -0.0333,  0.0935,  ..., -0.1600,  0.1731, -0.1292],
         [-0.0192,  0.0386,  0.1292,  ..., -0.1287,  0.1448, -0.1009],
         [ 0.0320,  0.0547,  0.0934,  ..., -0.0042, -0.0188, -0.0303],
         ...,
         [-0.1766,  0.0386,  0.0874,  ...,  0.1492, -0.0994,  0.2970],
         [-0.1968, -0.0166,  0.1443,  ...,  0.1012,  0.1043,  0.0213],
         [-0.1312, -0.0284,  0.1272,  ...,  0.0424, -0.0254,  0.0154]]],
       grad_fn=<IndexSelectBackward0>)
tensor([[[ 0.2901, -0.0219, -0.1434,  ..., -0.0476,  0.5258,  0.3876],
         [ 0.3924, -0.1614,  0.0235,  ..., -0.0047,  0.3104,  0.1906],
         [ 0.1326, -0.2123,  0.0152,  ...,  0.0637,  0.3709,  0.0940],
         ...,
         [-0.0737, -0.1077, -0.0897,  ...,  0.0963,  0.0226, -0.3659],
         [-0.1393, -0.1831, -0.0048,  ...,  0.0349,  0.0572, -0.2456],
         [-0.1266, -0.1629, -0.0385,  ...,  0.0232,  0.0339, -0.0098]]],
       grad_fn=<IndexSelectBackward0>)
tensor([[[200, 185, 179, 178, 199, 185, 180, 178, 198, 185, 182, 178, 201, 185,
          181, 178, 189, 184, 208, 209, 210, 211, 178, 191, 184, 212, 213, 178,
          190, 184, 206, 207, 178,   0,   0,   0,   0,   0,   0,   0,   0,   0,
            0,   0,   0,   0,   0,   0,   0,   0,   0,   0,   0,   0,   0,   0,
            0,   0,   0,   0,   0,   0,   0,   0,   0,   0,   0,   0,   0,   0,
            0,   0,   0,   0,   0,   0,   0,   0,   0,   0]]])
tensor([[[ 0.1518, -0.0333,  0.0935,  ..., -0.1588,  0.1750, -0.1326],
         [-0.0192,  0.0386,  0.1292,  ..., -0.1269,  0.1472, -0.1068],
         [ 0.0320,  0.0547,  0.0934,  ..., -0.0017, -0.0145, -0.0415],
         ...,
         [-0.0332,  0.1580,  0.0960,  ...,  0.1492, -0.0994,  0.2970],
         [-0.1183,  0.0401,  0.1384,  ...,  0.1012,  0.1043,  0.0213],
         [-0.0602,  0.0266,  0.1234,  ...,  0.0424, -0.0254,  0.0154]]],
       grad_fn=<IndexSelectBackward0>)
tensor([[[ 0.2901, -0.0219, -0.1434,  ..., -0.0473,  0.3432,  0.3883],
         [ 0.3924, -0.1614,  0.0235,  ..., -0.0125,  0.0626,  0.2410],
         [ 0.1326, -0.2123,  0.0152,  ...,  0.0278,  0.1176,  0.2064],
         ...,
         [-0.0812, -0.1371, -0.1214,  ...,  0.0963,  0.0226, -0.3659],
         [-0.1428, -0.1964, -0.0292,  ...,  0.0349,  0.0572, -0.2456],
         [-0.1283, -0.1716, -0.0548,  ...,  0.0232,  0.0339, -0.0098]]],
       grad_fn=<IndexSelectBackward0>)
tensor([[[200, 185, 179, 178, 199, 185, 180, 178, 198, 185, 182, 178, 201, 185,
          181, 178, 189, 184, 208, 209, 210, 211, 178, 191, 184, 212, 213, 178,
          190, 184, 206, 207, 178,   0,   0,   0,   0,   0,   0,   0,   0,   0,
            0,   0,   0,   0,   0,   0,   0,   0,   0,   0,   0,   0,   0,   0,
            0,   0,   0,   0,   0,   0,   0,   0,   0,   0,   0,   0,   0,   0,
            0,   0,   0,   0,   0,   0,   0,   0,   0,   0]]])
tensor([[[ 0.1518, -0.0333,  0.0935,  ..., -0.1588,  0.1750, -0.1326],
         [-0.0192,  0.0386,  0.1292,  ..., -0.1269,  0.1472, -0.1068],
         [ 0.0320,  0.0547,  0.0934,  ..., -0.0017, -0.0145, -0.0415],
         ...,
         [-0.0332,  0.1580,  0.0960,  ...,  0.1492, -0.0994,  0.2970],
         [-0.1183,  0.0401,  0.1384,  ...,  0.1012,  0.1043,  0.0213],
         [-0.0602,  0.0266,  0.1234,  ...,  0.0424, -0.0254,  0.0154]]],
       grad_fn=<IndexSelectBackward0>)
tensor([[[ 0.2901, -0.0219, -0.1434,  ..., -0.0473,  0.3432,  0.3883],
         [ 0.3924, -0.1614,  0.0235,  ..., -0.0125,  0.0626,  0.2410],
         [ 0.1326, -0.2123,  0.0152,  ...,  0.0278,  0.1176,  0.2064],
         ...,
         [-0.0812, -0.1371, -0.1214,  ...,  0.0963,  0.0226, -0.3659],
         [-0.1428, -0.1964, -0.0292,  ...,  0.0349,  0.0572, -0.2456],
         [-0.1283, -0.1716, -0.0548,  ...,  0.0232,  0.0339, -0.0098]]],
       grad_fn=<IndexSelectBackward0>)
tensor([[[200, 185, 179, 178, 199, 185, 180, 178, 198, 185, 182, 178, 201, 185,
          181, 178, 189, 184, 208, 209, 210, 211, 178, 191, 184, 212, 213, 178,
          190, 184, 206, 207, 178,   0,   0,   0,   0,   0,   0,   0,   0,   0,
            0,   0,   0,   0,   0,   0,   0,   0,   0,   0,   0,   0,   0,   0,
            0,   0,   0,   0,   0,   0,   0,   0,   0,   0,   0,   0,   0,   0,
            0,   0,   0,   0,   0,   0,   0,   0,   0,   0]]])
tensor([[[ 0.1518, -0.0333,  0.0935,  ..., -0.1588,  0.1750, -0.1326],
         [-0.0192,  0.0386,  0.1292,  ..., -0.1269,  0.1472, -0.1068],
         [ 0.0320,  0.0547,  0.0934,  ..., -0.0017, -0.0145, -0.0415],
         ...,
         [-0.0332,  0.1580,  0.0960,  ...,  0.1492, -0.0994,  0.2970],
         [-0.1183,  0.0401,  0.1384,  ...,  0.1012,  0.1043,  0.0213],
         [-0.0602,  0.0266,  0.1234,  ...,  0.0424, -0.0254,  0.0154]]],
       grad_fn=<IndexSelectBackward0>)
tensor([[[ 0.2901, -0.0219, -0.1434,  ..., -0.0473,  0.3432,  0.3883],
         [ 0.3924, -0.1614,  0.0235,  ..., -0.0125,  0.0626,  0.2410],
         [ 0.1326, -0.2123,  0.0152,  ...,  0.0278,  0.1176,  0.2064],
         ...,
         [-0.0812, -0.1371, -0.1214,  ...,  0.0963,  0.0226, -0.3659],
         [-0.1428, -0.1964, -0.0292,  ...,  0.0349,  0.0572, -0.2456],
         [-0.1283, -0.1716, -0.0548,  ...,  0.0232,  0.0339, -0.0098]]],
       grad_fn=<IndexSelectBackward0>)
tensor([[[200, 185, 179, 178, 199, 185, 180, 178, 198, 185, 182, 178, 201, 185,
          181, 178, 189, 184, 208, 209, 210, 211, 178, 191, 184, 212, 213, 178,
          190, 184, 206, 207, 178,   0,   0,   0,   0,   0,   0,   0,   0,   0,
            0,   0,   0,   0,   0,   0,   0,   0,   0,   0,   0,   0,   0,   0,
            0,   0,   0,   0,   0,   0,   0,   0,   0,   0,   0,   0,   0,   0,
            0,   0,   0,   0,   0,   0,   0,   0,   0,   0]]])
tensor([[[ 0.1518, -0.0333,  0.0935,  ..., -0.1588,  0.1750, -0.1326],
         [-0.0192,  0.0386,  0.1292,  ..., -0.1269,  0.1472, -0.1068],
         [ 0.0320,  0.0547,  0.0934,  ..., -0.0017, -0.0145, -0.0415],
         ...,
         [-0.0332,  0.1580,  0.0960,  ...,  0.1492, -0.0994,  0.2970],
         [-0.1183,  0.0401,  0.1384,  ...,  0.1012,  0.1043,  0.0213],
         [-0.0602,  0.0266,  0.1234,  ...,  0.0424, -0.0254,  0.0154]]],
       grad_fn=<IndexSelectBackward0>)
tensor([[[ 0.2901, -0.0219, -0.1434,  ..., -0.0473,  0.3432,  0.3883],
         [ 0.3924, -0.1614,  0.0235,  ..., -0.0125,  0.0626,  0.2410],
         [ 0.1326, -0.2123,  0.0152,  ...,  0.0278,  0.1176,  0.2064],
         ...,
         [-0.0812, -0.1371, -0.1214,  ...,  0.0963,  0.0226, -0.3659],
         [-0.1428, -0.1964, -0.0292,  ...,  0.0349,  0.0572, -0.2456],
         [-0.1283, -0.1716, -0.0548,  ...,  0.0232,  0.0339, -0.0098]]],
       grad_fn=<IndexSelectBackward0>)
tensor([[[200, 185, 179, 178, 199, 185, 180, 178, 198, 185, 182, 178, 201, 185,
          181, 178, 189, 184, 208, 209, 210, 211, 178, 191, 184, 212, 213, 178,
          190, 184, 206, 207, 178,   0,   0,   0,   0,   0,   0,   0,   0,   0,
            0,   0,   0,   0,   0,   0,   0,   0,   0,   0,   0,   0,   0,   0,
            0,   0,   0,   0,   0,   0,   0,   0,   0,   0,   0,   0,   0,   0,
            0,   0,   0,   0,   0,   0,   0,   0,   0,   0]]])
tensor([[[ 0.1518, -0.0333,  0.0935,  ..., -0.1588,  0.1750, -0.1326],
         [-0.0192,  0.0386,  0.1292,  ..., -0.1269,  0.1472, -0.1068],
         [ 0.0320,  0.0547,  0.0934,  ..., -0.0017, -0.0145, -0.0415],
         ...,
         [-0.0332,  0.1580,  0.0960,  ...,  0.1492, -0.0994,  0.2970],
         [-0.1183,  0.0401,  0.1384,  ...,  0.1012,  0.1043,  0.0213],
         [-0.0602,  0.0266,  0.1234,  ...,  0.0424, -0.0254,  0.0154]]],
       grad_fn=<IndexSelectBackward0>)
tensor([[[ 0.2901, -0.0219, -0.1434,  ..., -0.0473,  0.3432,  0.3883],
         [ 0.3924, -0.1614,  0.0235,  ..., -0.0125,  0.0626,  0.2410],
         [ 0.1326, -0.2123,  0.0152,  ...,  0.0278,  0.1176,  0.2064],
         ...,
         [-0.0812, -0.1371, -0.1214,  ...,  0.0963,  0.0226, -0.3659],
         [-0.1428, -0.1964, -0.0292,  ...,  0.0349,  0.0572, -0.2456],
         [-0.1283, -0.1716, -0.0548,  ...,  0.0232,  0.0339, -0.0098]]],
       grad_fn=<IndexSelectBackward0>)
tensor([[[201, 185, 179, 178, 198, 185, 180, 178, 200, 185, 182, 178, 199, 185,
          181, 178, 190, 184, 208, 209, 210, 211, 178, 191, 184, 212, 213, 178,
          189, 184, 206, 207, 178,   0,   0,   0,   0,   0,   0,   0,   0,   0,
            0,   0,   0,   0,   0,   0,   0,   0,   0,   0,   0,   0,   0,   0,
            0,   0,   0,   0,   0,   0,   0,   0,   0,   0,   0,   0,   0,   0,
            0,   0,   0,   0,   0,   0,   0,   0,   0,   0]]])
tensor([[[-0.0833, -0.0041, -0.0432,  ..., -0.1326,  0.0433,  0.0752],
         [-0.1162,  0.0175,  0.0785,  ..., -0.1311,  0.1839, -0.1196],
         [-0.0157,  0.0129,  0.0778,  ..., -0.0067,  0.0402, -0.0587],
         ...,
         [-0.1577,  0.0439,  0.0936,  ...,  0.1492, -0.0994,  0.2970],
         [-0.1930, -0.0143,  0.1459,  ...,  0.1012,  0.1043,  0.0213],
         [-0.1312, -0.0267,  0.1286,  ...,  0.0424, -0.0254,  0.0154]]],
       grad_fn=<IndexSelectBackward0>)
tensor([[[ 0.1599, -0.0208, -0.0488,  ...,  0.0123,  0.1784,  0.2558],
         [ 0.3143, -0.1811,  0.0284,  ..., -0.0390,  0.1151,  0.2128],
         [ 0.0776, -0.2268,  0.0165,  ...,  0.0207,  0.1335,  0.0568],
         ...,
         [-0.0753, -0.1090, -0.0895,  ...,  0.0963,  0.0226, -0.3659],
         [-0.1399, -0.1837, -0.0050,  ...,  0.0349,  0.0572, -0.2456],
         [-0.1270, -0.1632, -0.0390,  ...,  0.0232,  0.0339, -0.0098]]],
       grad_fn=<IndexSelectBackward0>)
tensor([[[201, 185, 179, 178, 198, 185, 180, 178, 200, 185, 182, 178, 199, 185,
          181, 178, 190, 184, 208, 209, 210, 211, 178, 191, 184, 212, 213, 178,
          189, 184, 206, 207, 178,   0,   0,   0,   0,   0,   0,   0,   0,   0,
            0,   0,   0,   0,   0,   0,   0,   0,   0,   0,   0,   0,   0,   0,
            0,   0,   0,   0,   0,   0,   0,   0,   0,   0,   0,   0,   0,   0,
            0,   0,   0,   0,   0,   0,   0,   0,   0,   0]]])
tensor([[[-0.0833, -0.0041, -0.0432,  ..., -0.1326,  0.0433,  0.0752],
         [-0.1162,  0.0175,  0.0785,  ..., -0.1311,  0.1839, -0.1196],
         [-0.0157,  0.0129,  0.0778,  ..., -0.0067,  0.0402, -0.0587],
         ...,
         [-0.1577,  0.0439,  0.0936,  ...,  0.1492, -0.0994,  0.2970],
         [-0.1930, -0.0143,  0.1459,  ...,  0.1012,  0.1043,  0.0213],
         [-0.1312, -0.0267,  0.1286,  ...,  0.0424, -0.0254,  0.0154]]],
       grad_fn=<IndexSelectBackward0>)
tensor([[[ 0.1599, -0.0208, -0.0488,  ...,  0.0123,  0.1784,  0.2558],
         [ 0.3143, -0.1811,  0.0284,  ..., -0.0390,  0.1151,  0.2128],
         [ 0.0776, -0.2268,  0.0165,  ...,  0.0207,  0.1335,  0.0568],
         ...,
         [-0.0753, -0.1090, -0.0895,  ...,  0.0963,  0.0226, -0.3659],
         [-0.1399, -0.1837, -0.0050,  ...,  0.0349,  0.0572, -0.2456],
         [-0.1270, -0.1632, -0.0390,  ...,  0.0232,  0.0339, -0.0098]]],
       grad_fn=<IndexSelectBackward0>)
tensor([[[201, 185, 179, 178, 198, 185, 180, 178, 200, 185, 182, 178, 199, 185,
          181, 178, 190, 184, 208, 209, 210, 211, 178, 191, 184, 212, 213, 178,
          189, 184, 206, 207, 178,   0,   0,   0,   0,   0,   0,   0,   0,   0,
            0,   0,   0,   0,   0,   0,   0,   0,   0,   0,   0,   0,   0,   0,
            0,   0,   0,   0,   0,   0,   0,   0,   0,   0,   0,   0,   0,   0,
            0,   0,   0,   0,   0,   0,   0,   0,   0,   0]]])
tensor([[[-0.0833, -0.0041, -0.0432,  ..., -0.1326,  0.0433,  0.0752],
         [-0.1162,  0.0175,  0.0785,  ..., -0.1311,  0.1839, -0.1196],
         [-0.0157,  0.0129,  0.0778,  ..., -0.0067,  0.0402, -0.0587],
         ...,
         [-0.1577,  0.0439,  0.0936,  ...,  0.1492, -0.0994,  0.2970],
         [-0.1930, -0.0143,  0.1459,  ...,  0.1012,  0.1043,  0.0213],
         [-0.1312, -0.0267,  0.1286,  ...,  0.0424, -0.0254,  0.0154]]],
       grad_fn=<IndexSelectBackward0>)
tensor([[[ 0.1599, -0.0208, -0.0488,  ...,  0.0123,  0.1784,  0.2558],
         [ 0.3143, -0.1811,  0.0284,  ..., -0.0390,  0.1151,  0.2128],
         [ 0.0776, -0.2268,  0.0165,  ...,  0.0207,  0.1335,  0.0568],
         ...,
         [-0.0753, -0.1090, -0.0895,  ...,  0.0963,  0.0226, -0.3659],
         [-0.1399, -0.1837, -0.0050,  ...,  0.0349,  0.0572, -0.2456],
         [-0.1270, -0.1632, -0.0390,  ...,  0.0232,  0.0339, -0.0098]]],
       grad_fn=<IndexSelectBackward0>)
tensor([[[201, 185, 179, 178, 198, 185, 180, 178, 200, 185, 182, 178, 199, 185,
          181, 178, 190, 184, 208, 209, 210, 211, 178, 191, 184, 212, 213, 178,
          189, 184, 206, 207, 178,   0,   0,   0,   0,   0,   0,   0,   0,   0,
            0,   0,   0,   0,   0,   0,   0,   0,   0,   0,   0,   0,   0,   0,
            0,   0,   0,   0,   0,   0,   0,   0,   0,   0,   0,   0,   0,   0,
            0,   0,   0,   0,   0,   0,   0,   0,   0,   0]]])
tensor([[[-0.0833, -0.0041, -0.0432,  ..., -0.1326,  0.0433,  0.0752],
         [-0.1162,  0.0175,  0.0785,  ..., -0.1311,  0.1839, -0.1196],
         [-0.0157,  0.0129,  0.0778,  ..., -0.0067,  0.0402, -0.0587],
         ...,
         [-0.1577,  0.0439,  0.0936,  ...,  0.1492, -0.0994,  0.2970],
         [-0.1930, -0.0143,  0.1459,  ...,  0.1012,  0.1043,  0.0213],
         [-0.1312, -0.0267,  0.1286,  ...,  0.0424, -0.0254,  0.0154]]],
       grad_fn=<IndexSelectBackward0>)
tensor([[[ 0.1599, -0.0208, -0.0488,  ...,  0.0123,  0.1784,  0.2558],
         [ 0.3143, -0.1811,  0.0284,  ..., -0.0390,  0.1151,  0.2128],
         [ 0.0776, -0.2268,  0.0165,  ...,  0.0207,  0.1335,  0.0568],
         ...,
         [-0.0753, -0.1090, -0.0895,  ...,  0.0963,  0.0226, -0.3659],
         [-0.1399, -0.1837, -0.0050,  ...,  0.0349,  0.0572, -0.2456],
         [-0.1270, -0.1632, -0.0390,  ...,  0.0232,  0.0339, -0.0098]]],
       grad_fn=<IndexSelectBackward0>)
tensor([[[201, 185, 179, 178, 198, 185, 180, 178, 200, 185, 182, 178, 199, 185,
          181, 178, 190, 184, 208, 209, 210, 211, 178, 191, 184, 212, 213, 178,
          189, 184, 206, 207, 178,   0,   0,   0,   0,   0,   0,   0,   0,   0,
            0,   0,   0,   0,   0,   0,   0,   0,   0,   0,   0,   0,   0,   0,
            0,   0,   0,   0,   0,   0,   0,   0,   0,   0,   0,   0,   0,   0,
            0,   0,   0,   0,   0,   0,   0,   0,   0,   0]]])
tensor([[[-0.0833, -0.0041, -0.0432,  ..., -0.1326,  0.0433,  0.0752],
         [-0.1162,  0.0175,  0.0785,  ..., -0.1311,  0.1839, -0.1196],
         [-0.0157,  0.0129,  0.0778,  ..., -0.0067,  0.0402, -0.0587],
         ...,
         [-0.1577,  0.0439,  0.0936,  ...,  0.1492, -0.0994,  0.2970],
         [-0.1930, -0.0143,  0.1459,  ...,  0.1012,  0.1043,  0.0213],
         [-0.1312, -0.0267,  0.1286,  ...,  0.0424, -0.0254,  0.0154]]],
       grad_fn=<IndexSelectBackward0>)
tensor([[[ 0.1599, -0.0208, -0.0488,  ...,  0.0123,  0.1784,  0.2558],
         [ 0.3143, -0.1811,  0.0284,  ..., -0.0390,  0.1151,  0.2128],
         [ 0.0776, -0.2268,  0.0165,  ...,  0.0207,  0.1335,  0.0568],
         ...,
         [-0.0753, -0.1090, -0.0895,  ...,  0.0963,  0.0226, -0.3659],
         [-0.1399, -0.1837, -0.0050,  ...,  0.0349,  0.0572, -0.2456],
         [-0.1270, -0.1632, -0.0390,  ...,  0.0232,  0.0339, -0.0098]]],
       grad_fn=<IndexSelectBackward0>)
